-18.034702	42.470314	ICCV	1.000000	0.380000	0.000000
30.214708	0.531555	NIPS	1.000000	0.775833	0.000000
-30.516188	23.220091	CVPR	1.000000	0.000000	0.747833
-12.823465	-30.624001	ICML	0.291333	1.000000	0.000000
-52.531799	2.867378	IJCAI	0.707833	0.000000	1.000000
49.723248	-2.968822	NIPS	1.000000	0.775833	0.000000
-19.588306	-22.382620	AI	0.000000	0.484500	1.000000
-29.550798	15.180805	IJCAI	0.707833	0.000000	1.000000
14.182878	-23.481728	NIPS	1.000000	0.775833	0.000000
-48.057449	8.923437	IJCAI	0.707833	0.000000	1.000000
-18.043215	-20.927343	AI	0.000000	0.484500	1.000000
-44.623661	-21.970898	AI	0.000000	0.484500	1.000000
-51.789391	-11.563281	AI	0.000000	0.484500	1.000000
30.116220	17.242191	ACL	0.000000	1.000000	0.663167
3.600302	-13.766674	AAAI	0.000000	0.920000	1.000000
-27.026878	-30.123247	AI	0.000000	0.484500	1.000000
-11.146329	25.858772	ICCV	1.000000	0.380000	0.000000
-34.192001	20.576921	AI	0.000000	0.484500	1.000000
27.696648	24.401211	ACL	0.000000	1.000000	0.663167
-1.991084	18.512188	AI	0.000000	0.484500	1.000000
28.771126	31.527567	ACL	0.000000	1.000000	0.663167
12.328841	-35.889988	NIPS	1.000000	0.775833	0.000000
37.918259	-4.632221	NIPS	1.000000	0.775833	0.000000
-53.290226	-18.325230	IJCAI	0.707833	0.000000	1.000000
-20.943089	-24.117168	AI	0.000000	0.484500	1.000000
48.849705	7.097264	JMLR	0.750666	1.000000	0.000000
49.750816	-29.949308	ICML	0.291333	1.000000	0.000000
36.807449	-10.364240	ICML	0.291333	1.000000	0.000000
-11.028386	-16.605347	AI	0.000000	0.484500	1.000000
16.179848	-39.747219	NIPS	1.000000	0.775833	0.000000
1.636283	-30.529800	NIPS	1.000000	0.775833	0.000000
-31.727112	18.035833	AI	0.000000	0.484500	1.000000
49.537724	9.334200	NIPS	1.000000	0.775833	0.000000
-23.347267	35.038918	IJCV	1.000000	0.000000	0.366667
37.478634	8.038184	NIPS	1.000000	0.775833	0.000000
-16.646168	-18.115850	IJCAI	0.707833	0.000000	1.000000
12.556399	25.719828	AAAI	0.000000	0.920000	1.000000
21.391840	-9.348791	ICML	0.291333	1.000000	0.000000
49.253708	0.818443	ICCV	1.000000	0.380000	0.000000
-35.553890	9.430289	AI	0.000000	0.484500	1.000000
25.354177	20.804001	ACL	0.000000	1.000000	0.663167
18.793219	-15.067161	ICML	0.291333	1.000000	0.000000
32.051605	21.533068	ACL	0.000000	1.000000	0.663167
10.567298	24.136078	AAAI	0.000000	0.920000	1.000000
16.291821	-7.672315	ICML	0.291333	1.000000	0.000000
40.959042	-12.805297	ICML	0.291333	1.000000	0.000000
13.066565	28.311813	ACL	0.000000	1.000000	0.663167
-19.252272	-5.462808	AAAI	0.000000	0.920000	1.000000
53.602631	9.392674	NIPS	1.000000	0.775833	0.000000
44.753967	-25.641739	NIPS	1.000000	0.775833	0.000000
23.508858	-42.912933	NIPS	1.000000	0.775833	0.000000
-47.371094	-2.227426	AI	0.000000	0.484500	1.000000
-27.566586	35.743649	ICCV	1.000000	0.380000	0.000000
56.296528	-16.184721	ICML	0.291333	1.000000	0.000000
53.104313	-21.029238	ICML	0.291333	1.000000	0.000000
0.009350	-25.694815	AI	0.000000	0.484500	1.000000
-23.799181	45.431694	ICCV	1.000000	0.380000	0.000000
0.297092	-32.887756	NIPS	1.000000	0.775833	0.000000
27.093424	-4.779026	NIPS	1.000000	0.775833	0.000000
56.358921	-8.384862	NIPS	1.000000	0.775833	0.000000
-17.539146	53.830971	ICCV	1.000000	0.380000	0.000000
-35.092968	38.808990	ICCV	1.000000	0.380000	0.000000
-35.199352	-15.961427	AI	0.000000	0.484500	1.000000
48.705322	-26.828226	ICML	0.291333	1.000000	0.000000
-24.364603	57.761856	ICCV	1.000000	0.380000	0.000000
19.335590	-15.437153	ICML	0.291333	1.000000	0.000000
-29.792564	20.636618	ICCV	1.000000	0.380000	0.000000
8.963548	41.499775	ACL	0.000000	1.000000	0.663167
-35.464272	-29.621559	AI	0.000000	0.484500	1.000000
1.608286	-26.323345	NIPS	1.000000	0.775833	0.000000
-0.608344	-10.737122	AI	0.000000	0.484500	1.000000
49.627960	-23.619995	ICML	0.291333	1.000000	0.000000
5.127079	-28.551817	NIPS	1.000000	0.775833	0.000000
36.413887	-8.854509	NIPS	1.000000	0.775833	0.000000
50.254436	-26.975750	JMLR	0.750666	1.000000	0.000000
23.023062	-23.531155	JMLR	0.750666	1.000000	0.000000
-18.316463	3.933165	AAAI	0.000000	0.920000	1.000000
9.312163	-43.271736	NIPS	1.000000	0.775833	0.000000
26.502840	-18.006773	ICML	0.291333	1.000000	0.000000
-27.838758	25.898846	AI	0.000000	0.484500	1.000000
-15.678264	2.096993	IJCAI	0.707833	0.000000	1.000000
8.979337	-32.114632	NIPS	1.000000	0.775833	0.000000
-37.553284	-13.377688	AI	0.000000	0.484500	1.000000
32.521332	-26.328875	ICML	0.291333	1.000000	0.000000
59.266365	-13.218869	ICML	0.291333	1.000000	0.000000
-39.721474	-15.151239	AI	0.000000	0.484500	1.000000
36.011803	-21.021465	JMLR	0.750666	1.000000	0.000000
40.200478	-18.992693	ICML	0.291333	1.000000	0.000000
22.060041	-20.904896	ICML	0.291333	1.000000	0.000000
-32.693127	-25.847601	AI	0.000000	0.484500	1.000000
36.850395	-7.674791	NIPS	1.000000	0.775833	0.000000
-25.170525	40.391747	ICCV	1.000000	0.380000	0.000000
-8.114633	49.678440	ICCV	1.000000	0.380000	0.000000
20.947176	32.825520	ACL	0.000000	1.000000	0.663167
-24.810915	-14.966460	AI	0.000000	0.484500	1.000000
32.644257	27.667715	ACL	0.000000	1.000000	0.663167
-45.238430	13.816159	IJCAI	0.707833	0.000000	1.000000
-43.230530	-24.880560	AI	0.000000	0.484500	1.000000
-31.106400	-27.783459	AI	0.000000	0.484500	1.000000
-15.512437	-32.776508	AI	0.000000	0.484500	1.000000
40.477097	-18.504133	JMLR	0.750666	1.000000	0.000000
49.132385	13.192198	ICML	0.291333	1.000000	0.000000
-29.806698	-25.852612	AI	0.000000	0.484500	1.000000
37.501476	2.110635	JMLR	0.750666	1.000000	0.000000
34.134342	-9.711245	NIPS	1.000000	0.775833	0.000000
-44.369156	3.294298	AI	0.000000	0.484500	1.000000
-41.835533	14.134138	IJCAI	0.707833	0.000000	1.000000
41.063473	-32.915474	NIPS	1.000000	0.775833	0.000000
6.007039	-19.826077	ICML	0.291333	1.000000	0.000000
18.710140	-8.881872	ICML	0.291333	1.000000	0.000000
-19.324436	45.682980	CVPR	1.000000	0.000000	0.747833
50.774490	-29.495075	NIPS	1.000000	0.775833	0.000000
28.959974	-12.902742	ICML	0.291333	1.000000	0.000000
-42.084991	12.892749	IJCAI	0.707833	0.000000	1.000000
-37.570168	-27.349350	AI	0.000000	0.484500	1.000000
46.540276	6.648271	JMLR	0.750666	1.000000	0.000000
50.762875	-29.193050	NIPS	1.000000	0.775833	0.000000
11.098007	36.901455	ACL	0.000000	1.000000	0.663167
-7.359831	-23.734430	IJCAI	0.707833	0.000000	1.000000
-34.916065	-17.035456	AI	0.000000	0.484500	1.000000
-24.878628	59.425026	IJCV	1.000000	0.000000	0.366667
48.323578	22.949032	ICCV	1.000000	0.380000	0.000000
-0.781251	-29.598186	ICML	0.291333	1.000000	0.000000
48.413601	-4.617523	AI	0.000000	0.484500	1.000000
-33.997593	-19.780737	AI	0.000000	0.484500	1.000000
-49.419434	-28.082235	AI	0.000000	0.484500	1.000000
12.405099	39.143814	ACL	0.000000	1.000000	0.663167
42.540043	-32.429413	ICML	0.291333	1.000000	0.000000
43.295300	-11.818521	NIPS	1.000000	0.775833	0.000000
-27.063200	55.355152	ICCV	1.000000	0.380000	0.000000
14.982351	-17.486513	NIPS	1.000000	0.775833	0.000000
37.974442	-35.779049	ICML	0.291333	1.000000	0.000000
15.404582	40.958000	ACL	0.000000	1.000000	0.663167
-26.207743	40.630962	ICCV	1.000000	0.380000	0.000000
20.475752	-30.384642	ICML	0.291333	1.000000	0.000000
4.784664	-28.996992	NIPS	1.000000	0.775833	0.000000
-16.272957	24.985683	ICCV	1.000000	0.380000	0.000000
12.819287	9.416768	ICML	0.291333	1.000000	0.000000
10.085908	0.926743	ICML	0.291333	1.000000	0.000000
-35.960663	-11.925420	AI	0.000000	0.484500	1.000000
-25.114538	55.762970	ICCV	1.000000	0.380000	0.000000
-23.395382	57.110256	ICCV	1.000000	0.380000	0.000000
-38.934315	5.732969	AI	0.000000	0.484500	1.000000
25.817230	42.650898	IJCAI	0.707833	0.000000	1.000000
20.828598	-37.798100	NIPS	1.000000	0.775833	0.000000
-26.983751	-32.789074	AI	0.000000	0.484500	1.000000
-6.086576	-10.898725	IJCAI	0.707833	0.000000	1.000000
-33.523731	17.209492	AI	0.000000	0.484500	1.000000
5.893746	-6.202681	ICML	0.291333	1.000000	0.000000
-28.764990	47.485081	ICCV	1.000000	0.380000	0.000000
48.484650	13.690314	ACL	0.000000	1.000000	0.663167
24.760862	-43.287289	NIPS	1.000000	0.775833	0.000000
44.286125	3.247710	NIPS	1.000000	0.775833	0.000000
19.351545	-43.005451	NIPS	1.000000	0.775833	0.000000
50.381264	-17.988308	ICML	0.291333	1.000000	0.000000
-28.784433	56.093960	ICCV	1.000000	0.380000	0.000000
32.393597	-8.496896	ICML	0.291333	1.000000	0.000000
13.008260	-38.399212	NIPS	1.000000	0.775833	0.000000
-3.231101	8.444809	AI	0.000000	0.484500	1.000000
38.714062	1.550128	JMLR	0.750666	1.000000	0.000000
44.111393	-16.909033	ICML	0.291333	1.000000	0.000000
-21.814669	-31.738747	AI	0.000000	0.484500	1.000000
5.354347	2.810766	AAAI	0.000000	0.920000	1.000000
-19.501141	-13.171029	AI	0.000000	0.484500	1.000000
-43.709141	-29.330553	AI	0.000000	0.484500	1.000000
-24.025755	-34.267677	AI	0.000000	0.484500	1.000000
51.635506	-19.177168	ICML	0.291333	1.000000	0.000000
-45.214588	-28.975845	AI	0.000000	0.484500	1.000000
11.815317	-14.780687	ICML	0.291333	1.000000	0.000000
23.243649	34.788151	ACL	0.000000	1.000000	0.663167
-19.890564	53.021488	CVPR	1.000000	0.000000	0.747833
34.448345	-11.691765	ICML	0.291333	1.000000	0.000000
41.849792	3.344967	JMLR	0.750666	1.000000	0.000000
27.526442	-10.000382	ICML	0.291333	1.000000	0.000000
24.905807	4.621189	AAAI	0.000000	0.920000	1.000000
49.036522	-16.207275	ICML	0.291333	1.000000	0.000000
16.896208	-4.082229	AI	0.000000	0.484500	1.000000
-21.838167	50.931435	ICCV	1.000000	0.380000	0.000000
38.274036	4.942264	NIPS	1.000000	0.775833	0.000000
16.175285	40.738453	ACL	0.000000	1.000000	0.663167
8.057152	10.350796	AAAI	0.000000	0.920000	1.000000
-39.179420	-17.234224	AI	0.000000	0.484500	1.000000
-38.077663	-16.511883	AI	0.000000	0.484500	1.000000
-37.589325	22.463303	ICCV	1.000000	0.380000	0.000000
56.355095	-0.584052	NIPS	1.000000	0.775833	0.000000
-27.051823	-22.840830	AI	0.000000	0.484500	1.000000
41.390835	-0.957911	NIPS	1.000000	0.775833	0.000000
-45.328289	14.278625	IJCAI	0.707833	0.000000	1.000000
26.597471	-33.317871	CVPR	1.000000	0.000000	0.747833
13.684234	-30.594294	NIPS	1.000000	0.775833	0.000000
20.600960	-44.443340	NIPS	1.000000	0.775833	0.000000
41.860168	19.171833	IJCAI	0.707833	0.000000	1.000000
10.497999	-29.915096	NIPS	1.000000	0.775833	0.000000
24.853323	22.227098	ACL	0.000000	1.000000	0.663167
38.587891	-33.573601	JMLR	0.750666	1.000000	0.000000
20.354921	31.254108	ACL	0.000000	1.000000	0.663167
-21.842827	-12.531183	AI	0.000000	0.484500	1.000000
-38.319141	-7.769324	AI	0.000000	0.484500	1.000000
20.552416	40.508564	ACL	0.000000	1.000000	0.663167
-21.125002	27.874619	IJCV	1.000000	0.000000	0.366667
4.584680	8.666316	AI	0.000000	0.484500	1.000000
26.760628	16.897392	ACL	0.000000	1.000000	0.663167
55.708874	-9.254362	NIPS	1.000000	0.775833	0.000000
-6.355501	44.808895	ICCV	1.000000	0.380000	0.000000
-47.774925	-3.420539	AI	0.000000	0.484500	1.000000
21.712555	13.743161	AAAI	0.000000	0.920000	1.000000
-21.207357	47.568874	ICCV	1.000000	0.380000	0.000000
-15.467008	-1.308452	AI	0.000000	0.484500	1.000000
-31.836517	40.765453	ICCV	1.000000	0.380000	0.000000
-9.967478	34.847797	JMLR	0.750666	1.000000	0.000000
-50.661800	7.089168	IJCAI	0.707833	0.000000	1.000000
-33.402164	0.340072	IJCAI	0.707833	0.000000	1.000000
14.135033	2.470532	ICML	0.291333	1.000000	0.000000
-21.359318	-21.526312	AI	0.000000	0.484500	1.000000
-16.170300	-24.610689	AI	0.000000	0.484500	1.000000
34.148682	-5.887662	NIPS	1.000000	0.775833	0.000000
15.699625	-31.677477	NIPS	1.000000	0.775833	0.000000
60.123131	1.507337	AI	0.000000	0.484500	1.000000
-44.639935	-27.754091	AI	0.000000	0.484500	1.000000
41.300072	-14.465421	ICML	0.291333	1.000000	0.000000
-27.900955	20.852289	IJCV	1.000000	0.000000	0.366667
-17.110704	-34.173233	AI	0.000000	0.484500	1.000000
20.951277	30.096426	ACL	0.000000	1.000000	0.663167
-31.303804	-29.429333	AI	0.000000	0.484500	1.000000
20.643705	-3.883391	ICML	0.291333	1.000000	0.000000
-13.091470	-10.375651	AI	0.000000	0.484500	1.000000
-51.887787	-5.218690	AI	0.000000	0.484500	1.000000
38.977928	-12.955991	ICML	0.291333	1.000000	0.000000
-1.172068	43.987907	ICCV	1.000000	0.380000	0.000000
-39.340240	-13.955315	AI	0.000000	0.484500	1.000000
-23.427835	-6.013307	IJCAI	0.707833	0.000000	1.000000
7.915022	29.326605	ACL	0.000000	1.000000	0.663167
20.705013	-10.196776	ICML	0.291333	1.000000	0.000000
24.792618	29.568956	ACL	0.000000	1.000000	0.663167
26.984808	32.490181	ACL	0.000000	1.000000	0.663167
-22.903242	37.034172	ICCV	1.000000	0.380000	0.000000
-48.332798	-13.751053	AAAI	0.000000	0.920000	1.000000
28.802948	36.077965	ACL	0.000000	1.000000	0.663167
-18.479189	57.307007	CVPR	1.000000	0.000000	0.747833
-3.461768	20.915049	AI	0.000000	0.484500	1.000000
-36.587292	3.620043	AI	0.000000	0.484500	1.000000
-35.071590	27.212828	CVPR	1.000000	0.000000	0.747833
-37.203381	35.622849	ICCV	1.000000	0.380000	0.000000
-31.736113	46.191326	ICCV	1.000000	0.380000	0.000000
16.552807	22.987129	ACL	0.000000	1.000000	0.663167
33.489830	22.754013	ACL	0.000000	1.000000	0.663167
-17.703711	49.540188	ICCV	1.000000	0.380000	0.000000
30.304037	-0.109284	NIPS	1.000000	0.775833	0.000000
22.840464	36.984146	ACL	0.000000	1.000000	0.663167
-26.759661	4.333467	AI	0.000000	0.484500	1.000000
21.288715	-23.871708	ICML	0.291333	1.000000	0.000000
-15.789495	-32.187267	AI	0.000000	0.484500	1.000000
26.654266	-18.519909	ICML	0.291333	1.000000	0.000000
-39.455849	-29.768393	AI	0.000000	0.484500	1.000000
-31.901455	-15.852253	AAAI	0.000000	0.920000	1.000000
13.703864	-28.499979	NIPS	1.000000	0.775833	0.000000
1.040565	-34.615849	NIPS	1.000000	0.775833	0.000000
22.766695	-40.138405	NIPS	1.000000	0.775833	0.000000
-37.619522	48.621208	IJCV	1.000000	0.000000	0.366667
11.554182	-30.387430	NIPS	1.000000	0.775833	0.000000
-34.337784	-5.764588	AI	0.000000	0.484500	1.000000
20.071968	-40.283615	NIPS	1.000000	0.775833	0.000000
20.698238	-15.529918	IJCAI	0.707833	0.000000	1.000000
-23.028563	-32.264389	AI	0.000000	0.484500	1.000000
-48.254353	-25.200878	AI	0.000000	0.484500	1.000000
-20.857201	44.711205	ICCV	1.000000	0.380000	0.000000
-47.097569	-19.610901	AI	0.000000	0.484500	1.000000
32.344307	-7.223628	NIPS	1.000000	0.775833	0.000000
32.983456	31.889162	ACL	0.000000	1.000000	0.663167
16.925468	-34.599731	NIPS	1.000000	0.775833	0.000000
25.572294	-30.622765	NIPS	1.000000	0.775833	0.000000
8.092853	40.210323	ACL	0.000000	1.000000	0.663167
-21.105080	1.906802	AAAI	0.000000	0.920000	1.000000
7.087787	-22.331209	NIPS	1.000000	0.775833	0.000000
14.804987	36.143795	ACL	0.000000	1.000000	0.663167
-39.437279	49.531219	IJCV	1.000000	0.000000	0.366667
13.199966	18.830748	ACL	0.000000	1.000000	0.663167
-1.785353	21.647343	AI	0.000000	0.484500	1.000000
-44.449131	-17.179241	AI	0.000000	0.484500	1.000000
0.353243	-30.559155	ICML	0.291333	1.000000	0.000000
-23.833344	31.257252	CVPR	1.000000	0.000000	0.747833
13.250892	-4.533136	AI	0.000000	0.484500	1.000000
24.781528	38.206303	ACL	0.000000	1.000000	0.663167
-13.988733	36.587666	CVPR	1.000000	0.000000	0.747833
-53.616886	-16.575718	AI	0.000000	0.484500	1.000000
32.564831	-16.400757	ICML	0.291333	1.000000	0.000000
-5.750518	-1.077136	AI	0.000000	0.484500	1.000000
28.403034	36.529564	ACL	0.000000	1.000000	0.663167
-17.006847	38.109905	ICCV	1.000000	0.380000	0.000000
48.383709	22.660872	NIPS	1.000000	0.775833	0.000000
51.107052	-11.815546	AI	0.000000	0.484500	1.000000
54.395676	-4.527922	ICML	0.291333	1.000000	0.000000
-20.347860	30.035395	ICCV	1.000000	0.380000	0.000000
56.127506	2.288798	IJCAI	0.707833	0.000000	1.000000
-23.091402	39.286976	ICCV	1.000000	0.380000	0.000000
-22.440540	20.285389	CVPR	1.000000	0.000000	0.747833
-36.777267	-36.336937	AI	0.000000	0.484500	1.000000
-35.891045	19.961056	AI	0.000000	0.484500	1.000000
26.106249	19.493702	ACL	0.000000	1.000000	0.663167
-11.134974	35.103539	ICCV	1.000000	0.380000	0.000000
-19.666368	32.070160	ICCV	1.000000	0.380000	0.000000
15.901115	-23.893518	NIPS	1.000000	0.775833	0.000000
34.215149	24.430401	ACL	0.000000	1.000000	0.663167
-13.316462	40.646381	ICCV	1.000000	0.380000	0.000000
-21.641882	2.938346	AAAI	0.000000	0.920000	1.000000
-28.734840	4.405964	AI	0.000000	0.484500	1.000000
-37.412968	-26.848124	AI	0.000000	0.484500	1.000000
45.146721	0.436553	JMLR	0.750666	1.000000	0.000000
35.363449	10.745045	JMLR	0.750666	1.000000	0.000000
20.723381	37.287998	ACL	0.000000	1.000000	0.663167
-51.879135	-13.387984	AAAI	0.000000	0.920000	1.000000
-22.481596	38.395908	ICCV	1.000000	0.380000	0.000000
-43.374439	-3.953434	AI	0.000000	0.484500	1.000000
54.739929	9.025517	NIPS	1.000000	0.775833	0.000000
-6.024867	49.487553	ICCV	1.000000	0.380000	0.000000
20.772484	-25.868729	AI	0.000000	0.484500	1.000000
-33.541649	-5.621106	AAAI	0.000000	0.920000	1.000000
37.850689	-23.671741	ICML	0.291333	1.000000	0.000000
-36.370785	-14.114861	AI	0.000000	0.484500	1.000000
51.202583	-12.358772	JMLR	0.750666	1.000000	0.000000
-9.890828	-1.690686	AI	0.000000	0.484500	1.000000
-41.365101	33.173260	ICCV	1.000000	0.380000	0.000000
-6.399961	4.678332	AAAI	0.000000	0.920000	1.000000
-51.405613	-23.066488	AI	0.000000	0.484500	1.000000
-52.059986	4.348461	AI	0.000000	0.484500	1.000000
55.099365	-3.446294	NIPS	1.000000	0.775833	0.000000
-50.099533	1.993960	AI	0.000000	0.484500	1.000000
19.226711	-4.850141	ICML	0.291333	1.000000	0.000000
-35.727764	24.066404	ICML	0.291333	1.000000	0.000000
15.158257	16.705107	ACL	0.000000	1.000000	0.663167
-4.273597	3.656137	AAAI	0.000000	0.920000	1.000000
36.013828	-16.599380	ICML	0.291333	1.000000	0.000000
45.676914	-1.865872	NIPS	1.000000	0.775833	0.000000
-27.031042	0.125561	AAAI	0.000000	0.920000	1.000000
4.252669	50.873230	AI	0.000000	0.484500	1.000000
-14.224431	-0.156660	AAAI	0.000000	0.920000	1.000000
38.824902	-5.802659	NIPS	1.000000	0.775833	0.000000
-8.549295	-2.077057	AI	0.000000	0.484500	1.000000
12.283856	42.019215	ACL	0.000000	1.000000	0.663167
-9.500450	-0.574270	AAAI	0.000000	0.920000	1.000000
-26.607208	31.456446	ICCV	1.000000	0.380000	0.000000
-47.542206	-26.715466	AI	0.000000	0.484500	1.000000
-27.041544	22.702204	IJCV	1.000000	0.000000	0.366667
-42.754021	-15.726159	AI	0.000000	0.484500	1.000000
-32.058460	21.940716	ACL	0.000000	1.000000	0.663167
25.635122	-15.773377	ICML	0.291333	1.000000	0.000000
10.840361	8.841861	AAAI	0.000000	0.920000	1.000000
11.339065	4.665422	AAAI	0.000000	0.920000	1.000000
19.554464	22.860056	ACL	0.000000	1.000000	0.663167
-28.863649	41.366802	ICCV	1.000000	0.380000	0.000000
-47.553791	-22.352930	AI	0.000000	0.484500	1.000000
-28.149820	29.401897	ICCV	1.000000	0.380000	0.000000
31.130522	6.485712	NIPS	1.000000	0.775833	0.000000
40.549702	-0.031803	JMLR	0.750666	1.000000	0.000000
14.926064	-42.698582	NIPS	1.000000	0.775833	0.000000
44.487709	-35.729786	ICML	0.291333	1.000000	0.000000
-11.716339	5.765212	AAAI	0.000000	0.920000	1.000000
1.783214	-10.745414	AI	0.000000	0.484500	1.000000
-17.092751	30.421534	ICCV	1.000000	0.380000	0.000000
-41.918018	1.381585	AI	0.000000	0.484500	1.000000
54.932991	-8.860637	NIPS	1.000000	0.775833	0.000000
17.429937	-7.881593	ICML	0.291333	1.000000	0.000000
45.939148	-21.570782	ICML	0.291333	1.000000	0.000000
-21.521523	-12.662258	AI	0.000000	0.484500	1.000000
44.310276	-14.728436	ICML	0.291333	1.000000	0.000000
-19.121256	44.456093	ICCV	1.000000	0.380000	0.000000
16.075100	27.886187	ACL	0.000000	1.000000	0.663167
45.503483	-11.436313	JMLR	0.750666	1.000000	0.000000
-21.372139	-24.741632	AI	0.000000	0.484500	1.000000
7.751235	-1.776041	ICML	0.291333	1.000000	0.000000
20.754694	4.635330	AI	0.000000	0.484500	1.000000
-38.953537	-21.202595	AI	0.000000	0.484500	1.000000
-12.912706	55.422836	CVPR	1.000000	0.000000	0.747833
42.847878	-6.405425	JMLR	0.750666	1.000000	0.000000
27.946514	-14.551129	ICML	0.291333	1.000000	0.000000
15.979112	-41.304821	NIPS	1.000000	0.775833	0.000000
22.673811	28.709230	ACL	0.000000	1.000000	0.663167
35.862572	-17.275318	ICML	0.291333	1.000000	0.000000
4.564173	-39.492031	AI	0.000000	0.484500	1.000000
-49.034672	-1.374489	AI	0.000000	0.484500	1.000000
19.702845	-36.873844	NIPS	1.000000	0.775833	0.000000
-33.625774	50.716396	IJCV	1.000000	0.000000	0.366667
26.922876	-7.626107	NIPS	1.000000	0.775833	0.000000
47.755234	-6.095823	JMLR	0.750666	1.000000	0.000000
-32.671261	-22.332548	AAAI	0.000000	0.920000	1.000000
-51.365612	3.479690	AI	0.000000	0.484500	1.000000
-35.782604	-17.422266	AI	0.000000	0.484500	1.000000
-22.579062	32.337421	IJCV	1.000000	0.000000	0.366667
20.634281	-5.651859	ICML	0.291333	1.000000	0.000000
-43.080585	-12.810911	AI	0.000000	0.484500	1.000000
-20.945215	-25.694014	AI	0.000000	0.484500	1.000000
50.172577	9.865140	JMLR	0.750666	1.000000	0.000000
44.924957	3.379833	ICML	0.291333	1.000000	0.000000
-26.931011	-27.724915	AI	0.000000	0.484500	1.000000
22.907959	-44.792145	NIPS	1.000000	0.775833	0.000000
12.953258	-5.062016	AI	0.000000	0.484500	1.000000
20.262447	-18.423462	ICML	0.291333	1.000000	0.000000
31.427155	-20.105440	ICML	0.291333	1.000000	0.000000
-33.814644	23.246248	IJCV	1.000000	0.000000	0.366667
-45.668205	3.077929	AI	0.000000	0.484500	1.000000
-12.264238	25.032166	ICCV	1.000000	0.380000	0.000000
51.209290	-18.036860	ICML	0.291333	1.000000	0.000000
50.042637	-10.479705	JMLR	0.750666	1.000000	0.000000
-24.811321	-4.251142	AI	0.000000	0.484500	1.000000
-18.271349	27.020298	ICCV	1.000000	0.380000	0.000000
-27.191525	-20.257441	AI	0.000000	0.484500	1.000000
12.326450	26.898731	AI	0.000000	0.484500	1.000000
-3.904697	-24.612120	AAAI	0.000000	0.920000	1.000000
-13.219592	0.814250	IJCAI	0.707833	0.000000	1.000000
29.615740	-4.633296	NIPS	1.000000	0.775833	0.000000
10.087706	-29.349634	NIPS	1.000000	0.775833	0.000000
3.063873	-32.354073	IJCAI	0.707833	0.000000	1.000000
-40.838932	-27.669876	AI	0.000000	0.484500	1.000000
49.405102	-19.338928	ICML	0.291333	1.000000	0.000000
12.310454	28.492535	ACL	0.000000	1.000000	0.663167
-51.777397	-30.545692	AI	0.000000	0.484500	1.000000
13.780522	-16.717464	NIPS	1.000000	0.775833	0.000000
-47.114273	8.540295	IJCAI	0.707833	0.000000	1.000000
-6.158576	-3.537043	IJCAI	0.707833	0.000000	1.000000
-24.382923	48.898560	IJCV	1.000000	0.000000	0.366667
-24.913296	-15.615564	AI	0.000000	0.484500	1.000000
-41.458397	33.254257	ICCV	1.000000	0.380000	0.000000
-21.633663	-5.444372	AAAI	0.000000	0.920000	1.000000
10.148176	34.085732	ACL	0.000000	1.000000	0.663167
-20.340433	-9.162635	AI	0.000000	0.484500	1.000000
-3.469943	-4.906858	IJCAI	0.707833	0.000000	1.000000
-28.409437	-38.396938	AAAI	0.000000	0.920000	1.000000
-20.696449	17.097246	CVPR	1.000000	0.000000	0.747833
20.235785	36.580391	ACL	0.000000	1.000000	0.663167
-18.152655	-16.272528	IJCAI	0.707833	0.000000	1.000000
-34.126728	29.386667	CVPR	1.000000	0.000000	0.747833
35.182816	-28.628588	ICML	0.291333	1.000000	0.000000
25.935162	-14.033996	ICML	0.291333	1.000000	0.000000
9.662958	19.240292	AI	0.000000	0.484500	1.000000
-7.156478	-18.563641	IJCAI	0.707833	0.000000	1.000000
-3.219320	-25.678724	AI	0.000000	0.484500	1.000000
30.880468	27.866850	ACL	0.000000	1.000000	0.663167
-44.173908	-18.752634	AI	0.000000	0.484500	1.000000
14.801111	-14.808426	NIPS	1.000000	0.775833	0.000000
-34.678051	37.011013	ICCV	1.000000	0.380000	0.000000
34.501007	-0.955528	NIPS	1.000000	0.775833	0.000000
21.794292	-46.442596	NIPS	1.000000	0.775833	0.000000
6.428212	-14.147906	ICML	0.291333	1.000000	0.000000
-21.403646	-5.061755	AAAI	0.000000	0.920000	1.000000
-47.855095	-32.152813	AI	0.000000	0.484500	1.000000
34.017982	33.655941	ACL	0.000000	1.000000	0.663167
-36.809528	-24.002480	AI	0.000000	0.484500	1.000000
35.423874	5.974908	NIPS	1.000000	0.775833	0.000000
25.409435	34.071335	ACL	0.000000	1.000000	0.663167
55.417809	-12.665982	NIPS	1.000000	0.775833	0.000000
29.356997	22.649691	ACL	0.000000	1.000000	0.663167
26.191221	42.102890	ACL	0.000000	1.000000	0.663167
-46.833241	-15.918907	AI	0.000000	0.484500	1.000000
-16.912310	43.292374	ICCV	1.000000	0.380000	0.000000
-6.460365	-19.498863	IJCAI	0.707833	0.000000	1.000000
-34.952938	1.567993	IJCAI	0.707833	0.000000	1.000000
18.026474	-4.047347	AI	0.000000	0.484500	1.000000
23.257696	-42.080276	NIPS	1.000000	0.775833	0.000000
-48.535934	-7.844885	ACL	0.000000	1.000000	0.663167
0.435009	-26.066160	AI	0.000000	0.484500	1.000000
-23.572773	59.067688	ICCV	1.000000	0.380000	0.000000
36.567215	9.040729	NIPS	1.000000	0.775833	0.000000
-36.106148	-32.565159	AI	0.000000	0.484500	1.000000
12.972735	-40.672466	IJCAI	0.707833	0.000000	1.000000
42.113594	-20.878139	ICML	0.291333	1.000000	0.000000
35.582676	-28.516460	ICML	0.291333	1.000000	0.000000
52.711105	-21.033737	ICML	0.291333	1.000000	0.000000
21.252110	-19.443634	ICML	0.291333	1.000000	0.000000
53.083122	-9.115612	JMLR	0.750666	1.000000	0.000000
35.758667	28.523415	ACL	0.000000	1.000000	0.663167
9.304855	-12.317710	ICML	0.291333	1.000000	0.000000
-51.568905	-17.155996	AI	0.000000	0.484500	1.000000
-31.728615	-10.189102	IJCAI	0.707833	0.000000	1.000000
-10.266323	-22.328070	AI	0.000000	0.484500	1.000000
-5.023556	7.781129	AAAI	0.000000	0.920000	1.000000
10.520046	14.382382	AI	0.000000	0.484500	1.000000
-5.052136	-19.819536	AI	0.000000	0.484500	1.000000
51.878311	-4.955060	NIPS	1.000000	0.775833	0.000000
40.083641	-0.663127	JMLR	0.750666	1.000000	0.000000
35.599953	-6.853548	NIPS	1.000000	0.775833	0.000000
-36.629238	9.745063	AI	0.000000	0.484500	1.000000
-40.262260	-18.661533	AI	0.000000	0.484500	1.000000
10.386213	6.236433	AI	0.000000	0.484500	1.000000
31.234720	17.151718	ACL	0.000000	1.000000	0.663167
59.454407	-13.418912	ICML	0.291333	1.000000	0.000000
49.193863	-11.849448	JMLR	0.750666	1.000000	0.000000
-23.499598	-1.092766	AAAI	0.000000	0.920000	1.000000
50.312805	-8.066171	NIPS	1.000000	0.775833	0.000000
7.060551	-22.441294	NIPS	1.000000	0.775833	0.000000
-16.366596	1.481761	IJCAI	0.707833	0.000000	1.000000
23.623281	21.456305	ACL	0.000000	1.000000	0.663167
-13.406553	-5.580998	AAAI	0.000000	0.920000	1.000000
15.429847	-4.285567	ICML	0.291333	1.000000	0.000000
7.751536	-38.937599	NIPS	1.000000	0.775833	0.000000
-30.939503	28.420963	ICCV	1.000000	0.380000	0.000000
47.246254	9.718797	NIPS	1.000000	0.775833	0.000000
-48.663498	1.511675	AI	0.000000	0.484500	1.000000
41.145679	-25.081085	ICML	0.291333	1.000000	0.000000
48.926479	5.785501	NIPS	1.000000	0.775833	0.000000
19.849867	-45.217854	NIPS	1.000000	0.775833	0.000000
37.024281	-15.160133	ICML	0.291333	1.000000	0.000000
10.036001	23.809845	AI	0.000000	0.484500	1.000000
-20.639233	29.167913	ICCV	1.000000	0.380000	0.000000
-16.719782	-18.995148	AI	0.000000	0.484500	1.000000
22.717285	34.101513	ACL	0.000000	1.000000	0.663167
-12.860038	46.117458	NIPS	1.000000	0.775833	0.000000
34.589302	6.786863	NIPS	1.000000	0.775833	0.000000
-18.692207	57.221748	ICCV	1.000000	0.380000	0.000000
-17.766575	35.432552	ICCV	1.000000	0.380000	0.000000
30.714968	-20.461720	ICML	0.291333	1.000000	0.000000
-43.065742	10.847177	IJCAI	0.707833	0.000000	1.000000
-9.853653	35.932747	ICCV	1.000000	0.380000	0.000000
-15.050913	-20.389383	AI	0.000000	0.484500	1.000000
-48.142769	-19.580482	AI	0.000000	0.484500	1.000000
13.600250	-33.015965	NIPS	1.000000	0.775833	0.000000
-25.759949	44.338531	ICCV	1.000000	0.380000	0.000000
12.509827	-15.345495	IJCAI	0.707833	0.000000	1.000000
26.807388	26.972624	ACL	0.000000	1.000000	0.663167
-31.016270	29.054558	ICCV	1.000000	0.380000	0.000000
-27.259632	-8.052571	AI	0.000000	0.484500	1.000000
-48.567932	-30.304115	AI	0.000000	0.484500	1.000000
26.535631	32.133717	ACL	0.000000	1.000000	0.663167
-29.155050	18.677767	AAAI	0.000000	0.920000	1.000000
29.364349	30.585739	ACL	0.000000	1.000000	0.663167
-30.451326	19.707592	AI	0.000000	0.484500	1.000000
-4.760583	-29.028908	AAAI	0.000000	0.920000	1.000000
15.259189	35.901775	ACL	0.000000	1.000000	0.663167
-29.895891	43.742538	ICCV	1.000000	0.380000	0.000000
16.866175	-46.860439	NIPS	1.000000	0.775833	0.000000
-15.720470	46.021042	ICCV	1.000000	0.380000	0.000000
-31.298454	-28.258162	AI	0.000000	0.484500	1.000000
-6.270658	4.439430	AAAI	0.000000	0.920000	1.000000
6.696733	9.340157	AI	0.000000	0.484500	1.000000
33.724434	33.218616	ACL	0.000000	1.000000	0.663167
-2.874192	-35.053139	NIPS	1.000000	0.775833	0.000000
-21.613819	20.765259	ICCV	1.000000	0.380000	0.000000
-21.182838	-29.948498	AI	0.000000	0.484500	1.000000
17.546452	-1.799844	ICML	0.291333	1.000000	0.000000
-19.041153	4.185571	AAAI	0.000000	0.920000	1.000000
-14.058676	6.278004	AAAI	0.000000	0.920000	1.000000
6.684876	-12.054238	ICML	0.291333	1.000000	0.000000
19.414839	10.829103	IJCAI	0.707833	0.000000	1.000000
-35.931145	43.362949	ICCV	1.000000	0.380000	0.000000
-2.275163	22.216387	AI	0.000000	0.484500	1.000000
45.446003	-17.206114	ICML	0.291333	1.000000	0.000000
-23.707438	48.322384	IJCV	1.000000	0.000000	0.366667
-37.636288	-15.234957	AI	0.000000	0.484500	1.000000
32.911613	-26.274385	ICML	0.291333	1.000000	0.000000
37.652287	11.377810	JMLR	0.750666	1.000000	0.000000
9.910945	-25.371952	NIPS	1.000000	0.775833	0.000000
32.431057	27.046465	ACL	0.000000	1.000000	0.663167
-20.080029	1.159195	AAAI	0.000000	0.920000	1.000000
-42.847946	-11.091025	AI	0.000000	0.484500	1.000000
-7.816708	31.047104	ICCV	1.000000	0.380000	0.000000
43.563114	-10.478191	ICML	0.291333	1.000000	0.000000
24.169041	-13.606637	ICML	0.291333	1.000000	0.000000
-32.139343	31.903294	ICCV	1.000000	0.380000	0.000000
-9.699613	0.990148	AI	0.000000	0.484500	1.000000
-34.887917	36.183338	CVPR	1.000000	0.000000	0.747833
4.928300	-33.814674	ICML	0.291333	1.000000	0.000000
10.808190	49.916584	IJCV	1.000000	0.000000	0.366667
18.564907	-35.619053	NIPS	1.000000	0.775833	0.000000
-22.073061	-20.792839	AI	0.000000	0.484500	1.000000
57.643177	-4.216584	NIPS	1.000000	0.775833	0.000000
35.544102	-1.619069	NIPS	1.000000	0.775833	0.000000
-20.102995	33.516926	IJCV	1.000000	0.000000	0.366667
22.250917	-38.683987	NIPS	1.000000	0.775833	0.000000
14.805335	-45.769249	NIPS	1.000000	0.775833	0.000000
28.943623	23.146927	ACL	0.000000	1.000000	0.663167
53.464081	-4.817818	AI	0.000000	0.484500	1.000000
40.928642	-4.431547	JMLR	0.750666	1.000000	0.000000
-20.514174	51.306091	ICCV	1.000000	0.380000	0.000000
55.646805	-16.679176	ICML	0.291333	1.000000	0.000000
43.895847	-8.720885	JMLR	0.750666	1.000000	0.000000
-30.481703	34.980762	IJCV	1.000000	0.000000	0.366667
-1.464459	9.647036	IJCAI	0.707833	0.000000	1.000000
-30.330368	-10.875061	IJCAI	0.707833	0.000000	1.000000
-17.259613	49.239452	ICCV	1.000000	0.380000	0.000000
-17.853205	-10.749270	IJCAI	0.707833	0.000000	1.000000
41.625214	7.992033	NIPS	1.000000	0.775833	0.000000
19.155642	-32.394630	NIPS	1.000000	0.775833	0.000000
16.741566	-42.610310	NIPS	1.000000	0.775833	0.000000
15.281697	-5.351627	ICML	0.291333	1.000000	0.000000
-34.844448	-31.490520	AI	0.000000	0.484500	1.000000
-42.823586	-35.047291	AI	0.000000	0.484500	1.000000
-26.706791	4.855107	AI	0.000000	0.484500	1.000000
-3.302898	-33.637737	AI	0.000000	0.484500	1.000000
-18.166798	-5.175997	AAAI	0.000000	0.920000	1.000000
52.779888	8.706377	JMLR	0.750666	1.000000	0.000000
25.853180	26.082001	ACL	0.000000	1.000000	0.663167
21.024183	4.473544	AI	0.000000	0.484500	1.000000
-48.454887	-14.672170	AI	0.000000	0.484500	1.000000
-7.584353	49.567734	ICCV	1.000000	0.380000	0.000000
42.874908	-30.328102	JMLR	0.750666	1.000000	0.000000
51.770073	-16.465729	ICML	0.291333	1.000000	0.000000
16.677988	-12.427024	ICML	0.291333	1.000000	0.000000
-39.634182	4.120217	AI	0.000000	0.484500	1.000000
29.951376	-18.273911	ICML	0.291333	1.000000	0.000000
-26.840094	35.141304	ICCV	1.000000	0.380000	0.000000
28.793831	16.673290	ACL	0.000000	1.000000	0.663167
-26.246527	-23.373772	AI	0.000000	0.484500	1.000000
-34.958111	43.607849	ICCV	1.000000	0.380000	0.000000
51.621120	13.465151	ICML	0.291333	1.000000	0.000000
36.387714	-24.420006	ICML	0.291333	1.000000	0.000000
-23.616119	-34.818111	AI	0.000000	0.484500	1.000000
9.375484	12.361070	AAAI	0.000000	0.920000	1.000000
-48.168282	-7.550143	AI	0.000000	0.484500	1.000000
10.590163	7.347064	AAAI	0.000000	0.920000	1.000000
-16.983032	-25.313932	AI	0.000000	0.484500	1.000000
13.784492	18.495260	AI	0.000000	0.484500	1.000000
6.464511	1.055674	AAAI	0.000000	0.920000	1.000000
-37.466667	-21.776405	AI	0.000000	0.484500	1.000000
-25.953447	5.488208	AI	0.000000	0.484500	1.000000
-18.041065	-7.349683	AAAI	0.000000	0.920000	1.000000
3.094368	0.980020	AI	0.000000	0.484500	1.000000
53.524570	-15.742689	ICML	0.291333	1.000000	0.000000
-52.227188	-17.146791	AI	0.000000	0.484500	1.000000
-25.119850	21.295204	IJCV	1.000000	0.000000	0.366667
9.989953	-8.426703	AAAI	0.000000	0.920000	1.000000
18.858337	13.243198	IJCAI	0.707833	0.000000	1.000000
28.997847	25.426231	ACL	0.000000	1.000000	0.663167
26.591764	-26.474777	NIPS	1.000000	0.775833	0.000000
23.806303	-10.531891	NIPS	1.000000	0.775833	0.000000
27.391806	29.303129	ACL	0.000000	1.000000	0.663167
-51.082401	-24.035215	AI	0.000000	0.484500	1.000000
25.490238	-29.874989	NIPS	1.000000	0.775833	0.000000
-25.318399	37.929234	ICCV	1.000000	0.380000	0.000000
-19.026241	-18.320147	AAAI	0.000000	0.920000	1.000000
-28.009064	38.258984	ICCV	1.000000	0.380000	0.000000
16.744719	25.096239	ACL	0.000000	1.000000	0.663167
-23.361382	36.185345	ICCV	1.000000	0.380000	0.000000
-12.637582	31.897306	ICCV	1.000000	0.380000	0.000000
-17.839876	33.411049	ICCV	1.000000	0.380000	0.000000
14.063717	-6.577216	AAAI	0.000000	0.920000	1.000000
-32.386845	21.153326	AI	0.000000	0.484500	1.000000
5.076368	-39.417332	AI	0.000000	0.484500	1.000000
-30.789455	50.358913	IJCV	1.000000	0.000000	0.366667
19.531839	-5.736803	ICML	0.291333	1.000000	0.000000
-33.267349	-19.992275	AI	0.000000	0.484500	1.000000
-33.830330	43.769051	ICCV	1.000000	0.380000	0.000000
55.326294	-10.137204	JMLR	0.750666	1.000000	0.000000
-1.819722	16.403856	IJCAI	0.707833	0.000000	1.000000
-23.506916	29.235455	ICCV	1.000000	0.380000	0.000000
39.884750	-24.832169	JMLR	0.750666	1.000000	0.000000
-43.587551	-32.961674	AI	0.000000	0.484500	1.000000
21.813402	24.981033	AAAI	0.000000	0.920000	1.000000
27.798925	-11.753695	ICML	0.291333	1.000000	0.000000
-51.085304	4.523562	IJCAI	0.707833	0.000000	1.000000
9.386540	32.322987	ACL	0.000000	1.000000	0.663167
23.185507	-47.548050	ICML	0.291333	1.000000	0.000000
-1.004885	-32.233624	NIPS	1.000000	0.775833	0.000000
-23.974163	28.464966	IJCV	1.000000	0.000000	0.366667
-42.317287	-19.496431	AI	0.000000	0.484500	1.000000
-21.829935	-9.232563	AI	0.000000	0.484500	1.000000
-36.423199	-26.468475	AI	0.000000	0.484500	1.000000
-44.628906	7.824916	IJCAI	0.707833	0.000000	1.000000
17.087910	-44.686279	NIPS	1.000000	0.775833	0.000000
38.949615	-7.722944	NIPS	1.000000	0.775833	0.000000
-34.520828	22.394230	AI	0.000000	0.484500	1.000000
24.009043	29.608952	ACL	0.000000	1.000000	0.663167
-26.433565	36.723057	ICCV	1.000000	0.380000	0.000000
-48.724678	-19.972597	AI	0.000000	0.484500	1.000000
-43.664021	-34.599838	AI	0.000000	0.484500	1.000000
14.444687	26.287430	ACL	0.000000	1.000000	0.663167
50.716282	0.496410	NIPS	1.000000	0.775833	0.000000
25.106033	43.691517	ICML	0.291333	1.000000	0.000000
-46.577000	-19.483160	AI	0.000000	0.484500	1.000000
-28.845249	-14.667816	AI	0.000000	0.484500	1.000000
-29.133417	35.175564	IJCV	1.000000	0.000000	0.366667
-39.922562	39.284416	IJCV	1.000000	0.000000	0.366667
15.218019	17.219984	ACL	0.000000	1.000000	0.663167
-19.546310	51.324024	ICCV	1.000000	0.380000	0.000000
-32.538738	-5.458143	IJCV	1.000000	0.000000	0.366667
-3.680194	-19.497696	AI	0.000000	0.484500	1.000000
-32.178532	-30.373356	AI	0.000000	0.484500	1.000000
27.942015	-7.884375	ICML	0.291333	1.000000	0.000000
27.532877	27.170752	ACL	0.000000	1.000000	0.663167
-23.446671	0.219193	AAAI	0.000000	0.920000	1.000000
23.036474	31.868099	ACL	0.000000	1.000000	0.663167
-39.554230	6.782753	AI	0.000000	0.484500	1.000000
-31.716631	15.595454	IJCAI	0.707833	0.000000	1.000000
-37.674408	37.528851	ICCV	1.000000	0.380000	0.000000
22.156080	-7.816931	ICML	0.291333	1.000000	0.000000
-15.080522	-23.441694	IJCAI	0.707833	0.000000	1.000000
-2.575527	-32.867500	ICML	0.291333	1.000000	0.000000
-44.185150	11.218364	IJCAI	0.707833	0.000000	1.000000
14.519910	32.164715	ACL	0.000000	1.000000	0.663167
15.553666	-30.514399	NIPS	1.000000	0.775833	0.000000
-12.183617	-12.584354	AI	0.000000	0.484500	1.000000
-28.921307	33.758339	AI	0.000000	0.484500	1.000000
25.540096	35.058170	ACL	0.000000	1.000000	0.663167
23.045746	24.235565	ACL	0.000000	1.000000	0.663167
-17.586975	28.060528	ICCV	1.000000	0.380000	0.000000
-30.354033	38.447830	ICCV	1.000000	0.380000	0.000000
-13.072722	-31.839689	AI	0.000000	0.484500	1.000000
17.093229	-43.539379	NIPS	1.000000	0.775833	0.000000
6.725495	11.320580	AI	0.000000	0.484500	1.000000
-39.163158	-5.692490	AI	0.000000	0.484500	1.000000
5.774122	-0.885482	AI	0.000000	0.484500	1.000000
-47.882999	-14.964543	AI	0.000000	0.484500	1.000000
8.038060	40.027634	ACL	0.000000	1.000000	0.663167
46.223011	-8.804729	ICML	0.291333	1.000000	0.000000
30.506987	28.328720	ACL	0.000000	1.000000	0.663167
-39.128269	49.455750	IJCV	1.000000	0.000000	0.366667
45.652538	-13.285562	ICML	0.291333	1.000000	0.000000
-42.947533	-7.935896	AI	0.000000	0.484500	1.000000
24.210060	-24.855791	JMLR	0.750666	1.000000	0.000000
-20.196079	24.546543	CVPR	1.000000	0.000000	0.747833
12.183092	-20.948677	NIPS	1.000000	0.775833	0.000000
-31.708838	32.618492	ICCV	1.000000	0.380000	0.000000
48.683064	0.939436	AI	0.000000	0.484500	1.000000
-28.545321	0.399712	AAAI	0.000000	0.920000	1.000000
-36.323830	4.906106	AI	0.000000	0.484500	1.000000
-2.354792	-28.227180	ICML	0.291333	1.000000	0.000000
-22.149925	-34.617283	AI	0.000000	0.484500	1.000000
-12.131545	40.972595	ICCV	1.000000	0.380000	0.000000
-43.136921	-0.330678	AI	0.000000	0.484500	1.000000
37.360825	29.823494	AAAI	0.000000	0.920000	1.000000
50.719585	-6.246925	AI	0.000000	0.484500	1.000000
16.286766	-43.551647	NIPS	1.000000	0.775833	0.000000
40.144852	6.054524	NIPS	1.000000	0.775833	0.000000
4.312213	50.613224	AI	0.000000	0.484500	1.000000
-33.766056	-27.277481	AI	0.000000	0.484500	1.000000
46.182457	-25.987900	ICML	0.291333	1.000000	0.000000
8.860917	-17.240459	NIPS	1.000000	0.775833	0.000000
18.843945	-17.143944	AI	0.000000	0.484500	1.000000
-6.743573	43.144699	ICCV	1.000000	0.380000	0.000000
-48.208515	0.707023	AI	0.000000	0.484500	1.000000
38.415627	-2.659545	NIPS	1.000000	0.775833	0.000000
-46.119732	-10.890820	AI	0.000000	0.484500	1.000000
37.462322	27.520458	NIPS	1.000000	0.775833	0.000000
-24.297012	-31.708450	AI	0.000000	0.484500	1.000000
55.366047	-13.489374	ICML	0.291333	1.000000	0.000000
-51.740364	-25.430864	AI	0.000000	0.484500	1.000000
5.988859	36.407993	ACL	0.000000	1.000000	0.663167
-28.677860	-19.430609	AI	0.000000	0.484500	1.000000
-51.249249	-29.946823	AI	0.000000	0.484500	1.000000
36.861488	-6.643775	NIPS	1.000000	0.775833	0.000000
5.876400	43.035767	ACL	0.000000	1.000000	0.663167
-3.641618	9.998491	AAAI	0.000000	0.920000	1.000000
-24.899143	42.938663	ICCV	1.000000	0.380000	0.000000
-22.039616	44.457081	ICCV	1.000000	0.380000	0.000000
15.141553	-7.429156	ICML	0.291333	1.000000	0.000000
42.299061	-13.865184	ICML	0.291333	1.000000	0.000000
-34.901199	-2.497933	IJCAI	0.707833	0.000000	1.000000
-30.407553	56.843735	ICCV	1.000000	0.380000	0.000000
-17.961807	32.106716	ICCV	1.000000	0.380000	0.000000
32.148724	-20.578672	ICML	0.291333	1.000000	0.000000
-8.203057	-1.213733	AAAI	0.000000	0.920000	1.000000
20.185722	11.778972	AI	0.000000	0.484500	1.000000
5.956144	-4.895345	AAAI	0.000000	0.920000	1.000000
29.529139	-15.618110	ICML	0.291333	1.000000	0.000000
16.714785	-6.340945	ICML	0.291333	1.000000	0.000000
28.455236	-5.099791	AI	0.000000	0.484500	1.000000
15.762555	18.847132	AAAI	0.000000	0.920000	1.000000
37.878876	-14.156635	ICML	0.291333	1.000000	0.000000
44.500088	-30.442129	NIPS	1.000000	0.775833	0.000000
22.440699	-43.400608	NIPS	1.000000	0.775833	0.000000
-45.001938	-25.969732	AI	0.000000	0.484500	1.000000
-26.936455	50.471176	ICCV	1.000000	0.380000	0.000000
24.475861	-38.833431	NIPS	1.000000	0.775833	0.000000
-2.954238	21.233324	AI	0.000000	0.484500	1.000000
-34.598816	48.967552	IJCV	1.000000	0.000000	0.366667
-25.814680	23.231672	IJCV	1.000000	0.000000	0.366667
32.647053	-5.148196	JMLR	0.750666	1.000000	0.000000
38.183880	-32.498039	JMLR	0.750666	1.000000	0.000000
6.961818	8.498620	AI	0.000000	0.484500	1.000000
-11.818522	-0.043985	AI	0.000000	0.484500	1.000000
30.525709	6.906115	IJCAI	0.707833	0.000000	1.000000
-17.727808	36.470917	ICCV	1.000000	0.380000	0.000000
-40.576382	-28.288857	AI	0.000000	0.484500	1.000000
-45.655563	-11.167202	AI	0.000000	0.484500	1.000000
22.557999	-22.030222	ICML	0.291333	1.000000	0.000000
-14.170255	39.833633	ICCV	1.000000	0.380000	0.000000
-3.733375	44.275852	ICCV	1.000000	0.380000	0.000000
25.142134	17.007904	ACL	0.000000	1.000000	0.663167
-19.162506	39.859024	ICCV	1.000000	0.380000	0.000000
-22.814384	40.871578	ICCV	1.000000	0.380000	0.000000
-33.508938	7.295293	AI	0.000000	0.484500	1.000000
-42.944168	-33.818882	AI	0.000000	0.484500	1.000000
-37.868118	-12.170103	IJCAI	0.707833	0.000000	1.000000
50.091248	-9.289306	JMLR	0.750666	1.000000	0.000000
-9.148702	-12.061684	IJCAI	0.707833	0.000000	1.000000
-43.656013	-18.691851	AI	0.000000	0.484500	1.000000
-2.852576	9.325924	AAAI	0.000000	0.920000	1.000000
33.821323	0.419382	NIPS	1.000000	0.775833	0.000000
-47.837803	-33.935211	AI	0.000000	0.484500	1.000000
19.798651	28.449112	ACL	0.000000	1.000000	0.663167
-8.295542	-24.549974	AI	0.000000	0.484500	1.000000
-34.032070	26.599493	CVPR	1.000000	0.000000	0.747833
-2.066067	19.179924	AI	0.000000	0.484500	1.000000
55.832619	-2.362779	NIPS	1.000000	0.775833	0.000000
-23.001337	55.064575	ICCV	1.000000	0.380000	0.000000
8.811132	-39.781357	NIPS	1.000000	0.775833	0.000000
-29.435562	-3.394455	AI	0.000000	0.484500	1.000000
-26.842287	-8.244935	AI	0.000000	0.484500	1.000000
-53.347485	-1.303671	ACL	0.000000	1.000000	0.663167
42.495945	-31.920803	JMLR	0.750666	1.000000	0.000000
-17.276808	-40.790794	AI	0.000000	0.484500	1.000000
21.810381	-41.919216	NIPS	1.000000	0.775833	0.000000
11.373040	-8.889875	ICML	0.291333	1.000000	0.000000
-22.285957	56.482506	ICCV	1.000000	0.380000	0.000000
27.667458	15.704457	AI	0.000000	0.484500	1.000000
-30.023882	47.159065	ICCV	1.000000	0.380000	0.000000
-15.096523	51.739681	ICCV	1.000000	0.380000	0.000000
-36.706703	-38.213612	AI	0.000000	0.484500	1.000000
22.096529	31.018684	ACL	0.000000	1.000000	0.663167
-36.617439	43.076664	ICCV	1.000000	0.380000	0.000000
15.617495	-44.327919	NIPS	1.000000	0.775833	0.000000
-13.303221	-5.962307	AI	0.000000	0.484500	1.000000
41.967350	5.155552	JMLR	0.750666	1.000000	0.000000
17.543703	-36.535156	NIPS	1.000000	0.775833	0.000000
4.380130	-10.457295	AI	0.000000	0.484500	1.000000
43.470478	-15.611448	ICML	0.291333	1.000000	0.000000
25.928595	15.375107	NIPS	1.000000	0.775833	0.000000
-35.482323	-6.842598	AI	0.000000	0.484500	1.000000
-22.279465	43.719231	ICCV	1.000000	0.380000	0.000000
-26.148775	-12.301501	AI	0.000000	0.484500	1.000000
-34.569328	54.753353	ICCV	1.000000	0.380000	0.000000
-34.721134	40.380222	ICCV	1.000000	0.380000	0.000000
-49.655815	-26.428379	AI	0.000000	0.484500	1.000000
-34.488255	11.768832	AI	0.000000	0.484500	1.000000
-51.573803	1.329219	AI	0.000000	0.484500	1.000000
-35.508232	14.776124	AI	0.000000	0.484500	1.000000
-38.536884	-6.940600	AI	0.000000	0.484500	1.000000
-35.618031	-21.090172	AI	0.000000	0.484500	1.000000
28.459143	38.512924	ICML	0.291333	1.000000	0.000000
-21.683002	-17.758493	AI	0.000000	0.484500	1.000000
48.202404	-29.670761	ICML	0.291333	1.000000	0.000000
-19.731499	-7.274277	IJCAI	0.707833	0.000000	1.000000
42.742939	4.023121	JMLR	0.750666	1.000000	0.000000
-12.396297	-0.682124	AI	0.000000	0.484500	1.000000
-24.816799	16.655796	AI	0.000000	0.484500	1.000000
-36.949554	-17.889179	AI	0.000000	0.484500	1.000000
-12.054057	-1.866855	AI	0.000000	0.484500	1.000000
8.888508	-2.338418	ICML	0.291333	1.000000	0.000000
-42.520237	34.079163	ICCV	1.000000	0.380000	0.000000
49.089016	5.095424	NIPS	1.000000	0.775833	0.000000
-25.485161	51.515240	IJCV	1.000000	0.000000	0.366667
-34.213238	48.229519	ICCV	1.000000	0.380000	0.000000
18.050264	-47.054600	NIPS	1.000000	0.775833	0.000000
-38.407295	38.270561	ICCV	1.000000	0.380000	0.000000
-52.185390	-5.319376	AI	0.000000	0.484500	1.000000
16.417004	-36.476540	NIPS	1.000000	0.775833	0.000000
9.426031	38.807018	ACL	0.000000	1.000000	0.663167
16.782377	-27.981638	NIPS	1.000000	0.775833	0.000000
51.343563	-16.240046	ICML	0.291333	1.000000	0.000000
-47.449684	-33.329655	AI	0.000000	0.484500	1.000000
-13.377422	33.180798	JMLR	0.750666	1.000000	0.000000
34.405861	-22.938400	ICML	0.291333	1.000000	0.000000
-27.744383	-20.051254	AI	0.000000	0.484500	1.000000
-46.776058	-28.372753	AI	0.000000	0.484500	1.000000
-16.506407	25.979759	ICCV	1.000000	0.380000	0.000000
11.755732	-6.638697	AAAI	0.000000	0.920000	1.000000
-5.127031	-29.134979	AI	0.000000	0.484500	1.000000
-13.381893	58.507183	CVPR	1.000000	0.000000	0.747833
-2.236142	-3.909317	NIPS	1.000000	0.775833	0.000000
46.253574	-3.330780	JMLR	0.750666	1.000000	0.000000
-46.238556	-27.532183	AI	0.000000	0.484500	1.000000
45.994167	-14.557011	ICML	0.291333	1.000000	0.000000
-36.371838	2.766158	AI	0.000000	0.484500	1.000000
25.430277	-11.280285	ICML	0.291333	1.000000	0.000000
-45.944416	-6.640137	AI	0.000000	0.484500	1.000000
-32.066849	3.205524	IJCAI	0.707833	0.000000	1.000000
-1.834398	-25.375490	JMLR	0.750666	1.000000	0.000000
19.212011	-31.681055	NIPS	1.000000	0.775833	0.000000
-18.604408	-24.427607	AI	0.000000	0.484500	1.000000
20.051674	32.309864	ACL	0.000000	1.000000	0.663167
-20.712458	-0.200226	AAAI	0.000000	0.920000	1.000000
50.487083	11.293337	NIPS	1.000000	0.775833	0.000000
41.850090	19.249599	IJCAI	0.707833	0.000000	1.000000
-33.266407	-17.452213	AI	0.000000	0.484500	1.000000
-48.530617	-29.089375	AI	0.000000	0.484500	1.000000
35.495365	-8.428915	NIPS	1.000000	0.775833	0.000000
-16.002211	-26.252131	AI	0.000000	0.484500	1.000000
20.955355	13.331217	AAAI	0.000000	0.920000	1.000000
36.495998	-4.621475	NIPS	1.000000	0.775833	0.000000
-36.178440	9.985262	AI	0.000000	0.484500	1.000000
-10.585690	-15.986702	AI	0.000000	0.484500	1.000000
-13.496996	-19.421085	AI	0.000000	0.484500	1.000000
-13.251538	6.285178	AAAI	0.000000	0.920000	1.000000
-41.515720	-24.408600	AI	0.000000	0.484500	1.000000
-23.324900	-35.946419	AAAI	0.000000	0.920000	1.000000
-35.114399	-31.257143	AI	0.000000	0.484500	1.000000
12.088980	-9.518752	IJCAI	0.707833	0.000000	1.000000
-39.913879	-8.978601	AI	0.000000	0.484500	1.000000
-19.747347	5.609246	AAAI	0.000000	0.920000	1.000000
-34.214859	18.425451	AI	0.000000	0.484500	1.000000
1.142163	-10.873714	IJCAI	0.707833	0.000000	1.000000
-30.281042	-8.431136	AI	0.000000	0.484500	1.000000
9.916043	12.039605	AAAI	0.000000	0.920000	1.000000
11.086173	-36.308983	NIPS	1.000000	0.775833	0.000000
-22.110016	59.932125	ICCV	1.000000	0.380000	0.000000
-35.767117	17.708256	AI	0.000000	0.484500	1.000000
23.465321	28.181374	ACL	0.000000	1.000000	0.663167
-31.766409	26.797451	ICCV	1.000000	0.380000	0.000000
-32.007717	-19.879660	AI	0.000000	0.484500	1.000000
18.272305	21.038414	AAAI	0.000000	0.920000	1.000000
-32.025311	19.499212	AI	0.000000	0.484500	1.000000
-23.890966	-22.027433	AI	0.000000	0.484500	1.000000
42.981194	-21.647350	ICML	0.291333	1.000000	0.000000
-33.384987	-22.803579	AI	0.000000	0.484500	1.000000
-25.507816	50.563602	ICCV	1.000000	0.380000	0.000000
-24.266745	-18.795685	AI	0.000000	0.484500	1.000000
27.567631	-16.400291	ICML	0.291333	1.000000	0.000000
11.917000	-36.624191	NIPS	1.000000	0.775833	0.000000
-44.242455	-32.336483	AI	0.000000	0.484500	1.000000
-18.931681	40.615948	ICCV	1.000000	0.380000	0.000000
-21.869295	-31.256664	AI	0.000000	0.484500	1.000000
52.096214	12.893109	JMLR	0.750666	1.000000	0.000000
-29.685535	-11.914295	AI	0.000000	0.484500	1.000000
-39.001297	-20.975454	AI	0.000000	0.484500	1.000000
-29.477484	0.306081	AI	0.000000	0.484500	1.000000
20.388433	-13.044723	ICML	0.291333	1.000000	0.000000
21.844149	29.456823	ACL	0.000000	1.000000	0.663167
1.867157	-18.792381	ICML	0.291333	1.000000	0.000000
-31.871857	-1.980378	AI	0.000000	0.484500	1.000000
-43.276814	-23.137768	AI	0.000000	0.484500	1.000000
-15.162184	33.468357	IJCV	1.000000	0.000000	0.366667
-28.823521	56.379684	ICCV	1.000000	0.380000	0.000000
41.562263	-35.928692	ICCV	1.000000	0.380000	0.000000
-17.363832	30.382078	ICCV	1.000000	0.380000	0.000000
6.258021	42.646446	ACL	0.000000	1.000000	0.663167
-16.330658	-19.956835	AI	0.000000	0.484500	1.000000
-23.318232	25.465557	ICCV	1.000000	0.380000	0.000000
-11.887197	-13.169374	AI	0.000000	0.484500	1.000000
-22.578888	31.074907	IJCV	1.000000	0.000000	0.366667
-8.637797	-12.181804	AAAI	0.000000	0.920000	1.000000
-20.460154	-6.877383	AAAI	0.000000	0.920000	1.000000
29.158247	-15.136912	NIPS	1.000000	0.775833	0.000000
-28.327211	54.829685	ICCV	1.000000	0.380000	0.000000
33.552361	-22.060061	ICML	0.291333	1.000000	0.000000
-33.738323	-13.544281	AI	0.000000	0.484500	1.000000
19.346874	38.801773	ACL	0.000000	1.000000	0.663167
-27.739599	42.900223	ICCV	1.000000	0.380000	0.000000
10.690093	0.337536	ICML	0.291333	1.000000	0.000000
-37.327946	36.267490	ICCV	1.000000	0.380000	0.000000
30.165010	-23.535200	ICML	0.291333	1.000000	0.000000
-54.817936	-14.757112	AI	0.000000	0.484500	1.000000
18.408192	30.958857	ACL	0.000000	1.000000	0.663167
25.086164	-13.912454	ICML	0.291333	1.000000	0.000000
18.621063	22.722906	ACL	0.000000	1.000000	0.663167
26.187592	-7.426376	AI	0.000000	0.484500	1.000000
44.437752	-11.492141	NIPS	1.000000	0.775833	0.000000
-24.015842	0.925455	AAAI	0.000000	0.920000	1.000000
47.613686	-1.004192	NIPS	1.000000	0.775833	0.000000
41.284382	7.059793	NIPS	1.000000	0.775833	0.000000
-44.028336	6.390724	IJCAI	0.707833	0.000000	1.000000
5.232796	-13.178680	ICML	0.291333	1.000000	0.000000
36.928490	27.935371	ACL	0.000000	1.000000	0.663167
-1.542696	-4.732624	NIPS	1.000000	0.775833	0.000000
8.114806	36.985836	ACL	0.000000	1.000000	0.663167
-50.984669	-28.977232	AI	0.000000	0.484500	1.000000
19.888720	-43.580818	NIPS	1.000000	0.775833	0.000000
22.573427	39.372173	ACL	0.000000	1.000000	0.663167
18.846674	-39.656174	NIPS	1.000000	0.775833	0.000000
23.172789	30.187078	ACL	0.000000	1.000000	0.663167
53.186455	10.432593	NIPS	1.000000	0.775833	0.000000
-26.593006	-32.146748	AI	0.000000	0.484500	1.000000
26.931149	-21.696037	ICML	0.291333	1.000000	0.000000
41.157742	-25.424410	ICML	0.291333	1.000000	0.000000
6.872963	-9.481644	ICML	0.291333	1.000000	0.000000
23.296654	23.787479	ACL	0.000000	1.000000	0.663167
-20.373981	-21.362749	AI	0.000000	0.484500	1.000000
39.768734	13.388360	AI	0.000000	0.484500	1.000000
4.560118	2.900499	AAAI	0.000000	0.920000	1.000000
-12.781981	54.949902	CVPR	1.000000	0.000000	0.747833
28.678732	33.058430	ACL	0.000000	1.000000	0.663167
1.522811	-32.676952	NIPS	1.000000	0.775833	0.000000
-13.173654	-13.078589	AI	0.000000	0.484500	1.000000
31.768824	-12.330831	ICML	0.291333	1.000000	0.000000
-38.384102	-5.179373	AI	0.000000	0.484500	1.000000
19.826254	38.935909	ACL	0.000000	1.000000	0.663167
19.359486	13.417123	AAAI	0.000000	0.920000	1.000000
36.229088	-35.681099	ICML	0.291333	1.000000	0.000000
-34.668621	33.073826	ICCV	1.000000	0.380000	0.000000
-40.634216	-24.869200	AI	0.000000	0.484500	1.000000
21.338888	-3.030087	AI	0.000000	0.484500	1.000000
-28.500570	-3.754647	AI	0.000000	0.484500	1.000000
-15.926944	36.650719	ICCV	1.000000	0.380000	0.000000
37.245712	-11.971575	ICML	0.291333	1.000000	0.000000
9.400173	-3.410948	IJCAI	0.707833	0.000000	1.000000
32.990105	-10.787127	NIPS	1.000000	0.775833	0.000000
18.721466	6.497563	AI	0.000000	0.484500	1.000000
13.827614	-23.673859	NIPS	1.000000	0.775833	0.000000
31.501188	25.358507	ACL	0.000000	1.000000	0.663167
9.557365	2.225799	AAAI	0.000000	0.920000	1.000000
12.318949	39.461246	ACL	0.000000	1.000000	0.663167
-26.803036	44.173897	ICCV	1.000000	0.380000	0.000000
-35.656212	-21.547600	AI	0.000000	0.484500	1.000000
-21.370163	37.681812	ICCV	1.000000	0.380000	0.000000
6.137881	3.219116	ICML	0.291333	1.000000	0.000000
27.382330	-21.890825	ICML	0.291333	1.000000	0.000000
-38.786865	-1.531818	AI	0.000000	0.484500	1.000000
-33.868656	20.193378	AI	0.000000	0.484500	1.000000
-31.731287	33.871563	IJCV	1.000000	0.000000	0.366667
-25.189583	21.358025	IJCV	1.000000	0.000000	0.366667
19.158894	10.000106	AAAI	0.000000	0.920000	1.000000
-22.604006	-26.511806	AI	0.000000	0.484500	1.000000
-18.754166	-6.511517	AAAI	0.000000	0.920000	1.000000
-29.219383	-15.458448	AI	0.000000	0.484500	1.000000
1.459937	-31.654886	NIPS	1.000000	0.775833	0.000000
53.263191	13.540954	ICML	0.291333	1.000000	0.000000
-38.765087	-1.154303	AI	0.000000	0.484500	1.000000
47.094364	-1.052184	NIPS	1.000000	0.775833	0.000000
10.863904	37.280510	ACL	0.000000	1.000000	0.663167
-14.518382	-34.675968	AI	0.000000	0.484500	1.000000
-51.825031	-12.052390	AI	0.000000	0.484500	1.000000
13.575052	52.479809	IJCV	1.000000	0.000000	0.366667
-40.712334	-13.297564	AI	0.000000	0.484500	1.000000
-23.937155	-8.395955	AI	0.000000	0.484500	1.000000
-32.589863	-34.123505	AI	0.000000	0.484500	1.000000
28.057680	-6.038290	ICML	0.291333	1.000000	0.000000
35.472317	-21.938541	ICML	0.291333	1.000000	0.000000
43.992188	-35.998512	NIPS	1.000000	0.775833	0.000000
-36.648178	-37.470623	AI	0.000000	0.484500	1.000000
14.356506	26.758507	ACL	0.000000	1.000000	0.663167
-34.595013	54.036442	IJCV	1.000000	0.000000	0.366667
6.283728	40.850479	ACL	0.000000	1.000000	0.663167
-28.241463	-22.856043	AI	0.000000	0.484500	1.000000
32.317955	20.787756	NIPS	1.000000	0.775833	0.000000
-47.813438	-27.630894	AI	0.000000	0.484500	1.000000
14.666810	-13.559821	ICML	0.291333	1.000000	0.000000
38.900185	12.737069	IJCAI	0.707833	0.000000	1.000000
-8.461258	-23.412914	AI	0.000000	0.484500	1.000000
-40.045834	7.521451	AI	0.000000	0.484500	1.000000
25.844921	16.458447	ACL	0.000000	1.000000	0.663167
-34.713673	-3.366857	IJCAI	0.707833	0.000000	1.000000
34.511421	21.330498	NIPS	1.000000	0.775833	0.000000
51.132263	6.379442	AI	0.000000	0.484500	1.000000
24.641161	-16.068409	ICML	0.291333	1.000000	0.000000
-44.225010	-15.479987	AI	0.000000	0.484500	1.000000
22.233849	39.537048	ACL	0.000000	1.000000	0.663167
31.803478	5.432028	JMLR	0.750666	1.000000	0.000000
13.686594	52.551495	NIPS	1.000000	0.775833	0.000000
36.791004	10.174397	JMLR	0.750666	1.000000	0.000000
-5.232981	-14.856764	IJCAI	0.707833	0.000000	1.000000
13.885905	-8.874785	AAAI	0.000000	0.920000	1.000000
-6.073963	44.238121	ICCV	1.000000	0.380000	0.000000
11.754667	-25.097706	NIPS	1.000000	0.775833	0.000000
49.257435	-27.348696	ICML	0.291333	1.000000	0.000000
26.908432	24.474787	NIPS	1.000000	0.775833	0.000000
-19.294701	23.714214	CVPR	1.000000	0.000000	0.747833
14.597403	32.062767	ACL	0.000000	1.000000	0.663167
16.494341	-22.327892	NIPS	1.000000	0.775833	0.000000
41.815083	-34.723625	ICML	0.291333	1.000000	0.000000
-39.589828	-8.529459	AI	0.000000	0.484500	1.000000
-45.865528	-1.723967	AI	0.000000	0.484500	1.000000
-25.572390	-11.135936	AI	0.000000	0.484500	1.000000
19.294338	-39.280548	NIPS	1.000000	0.775833	0.000000
37.007511	-22.990736	ICML	0.291333	1.000000	0.000000
-10.007070	-13.861459	AI	0.000000	0.484500	1.000000
-44.592545	-22.926931	AI	0.000000	0.484500	1.000000
6.549519	-10.242470	AI	0.000000	0.484500	1.000000
41.522263	-5.037053	JMLR	0.750666	1.000000	0.000000
-18.630398	-10.471560	IJCAI	0.707833	0.000000	1.000000
-29.287096	40.680462	ICCV	1.000000	0.380000	0.000000
46.822052	-3.911333	NIPS	1.000000	0.775833	0.000000
-30.356352	51.872356	IJCV	1.000000	0.000000	0.366667
-32.964630	-33.744038	AI	0.000000	0.484500	1.000000
-24.837664	-4.503633	AI	0.000000	0.484500	1.000000
21.459854	-45.210724	NIPS	1.000000	0.775833	0.000000
-45.992432	-23.161119	AI	0.000000	0.484500	1.000000
25.566515	2.770186	ICML	0.291333	1.000000	0.000000
-34.166286	-26.186386	AI	0.000000	0.484500	1.000000
39.510807	-34.373226	NIPS	1.000000	0.775833	0.000000
-25.390293	47.321167	ICCV	1.000000	0.380000	0.000000
-42.169273	-26.855667	AI	0.000000	0.484500	1.000000
-25.539654	34.688026	ICCV	1.000000	0.380000	0.000000
-31.246571	57.704193	CVPR	1.000000	0.000000	0.747833
-44.690254	16.315462	IJCAI	0.707833	0.000000	1.000000
6.801602	12.539410	IJCAI	0.707833	0.000000	1.000000
-31.016035	37.676506	ICCV	1.000000	0.380000	0.000000
21.047878	28.310162	ACL	0.000000	1.000000	0.663167
-13.230005	57.486370	CVPR	1.000000	0.000000	0.747833
-36.866810	19.766172	AI	0.000000	0.484500	1.000000
-40.035545	-22.380190	AI	0.000000	0.484500	1.000000
6.520735	14.327825	IJCAI	0.707833	0.000000	1.000000
33.198036	-16.359818	ICML	0.291333	1.000000	0.000000
-27.947809	47.134289	ICCV	1.000000	0.380000	0.000000
9.278491	-24.188591	NIPS	1.000000	0.775833	0.000000
-34.124073	-13.651587	AI	0.000000	0.484500	1.000000
12.959020	-45.219036	ICML	0.291333	1.000000	0.000000
37.095798	-35.409908	ICML	0.291333	1.000000	0.000000
41.696831	-12.100483	NIPS	1.000000	0.775833	0.000000
30.550915	31.342497	ACL	0.000000	1.000000	0.663167
20.454350	-35.386639	NIPS	1.000000	0.775833	0.000000
20.142939	-22.991755	IJCAI	0.707833	0.000000	1.000000
-27.769207	26.680172	ICCV	1.000000	0.380000	0.000000
-20.801138	47.521923	CVPR	1.000000	0.000000	0.747833
16.448574	24.965137	ACL	0.000000	1.000000	0.663167
-3.271588	-29.458561	ICML	0.291333	1.000000	0.000000
-30.501305	41.563595	ICCV	1.000000	0.380000	0.000000
-18.899052	37.027649	ICCV	1.000000	0.380000	0.000000
17.089979	-26.931204	NIPS	1.000000	0.775833	0.000000
39.267914	-1.846562	NIPS	1.000000	0.775833	0.000000
4.751168	-23.508261	AI	0.000000	0.484500	1.000000
-3.092720	-4.312563	AAAI	0.000000	0.920000	1.000000
-6.681565	-1.990613	AAAI	0.000000	0.920000	1.000000
-41.942024	-4.406230	AI	0.000000	0.484500	1.000000
-20.817278	34.502914	ICCV	1.000000	0.380000	0.000000
-38.775158	0.472822	AI	0.000000	0.484500	1.000000
5.786046	36.495174	ACL	0.000000	1.000000	0.663167
-13.795425	46.191639	ICCV	1.000000	0.380000	0.000000
-10.965142	-32.693825	NIPS	1.000000	0.775833	0.000000
