-14.497018	-16.624794	ICDE	1.000000	0.882167	0.000000
-26.309895	12.352295	TKDE	1.000000	0.000000	0.806833
42.988197	-47.786640	SIGMOD	1.000000	0.428000	0.000000
-45.737736	-13.585829	ICDE	1.000000	0.882167	0.000000
-0.500509	-73.823410	SIGMOD	1.000000	0.428000	0.000000
-48.262207	13.786563	SIGMOD	1.000000	0.428000	0.000000
-41.923496	23.046661	KDD	0.000000	0.651333	1.000000
11.036170	1.102940	VLDB	0.616833	1.000000	0.000000
11.715885	49.240654	KDD	0.000000	0.651333	1.000000
-40.699238	-0.017857	KDD	0.000000	0.651333	1.000000
16.552574	34.149998	SIGIR	0.000000	1.000000	0.391000
-8.341590	-54.080013	TKDE	1.000000	0.000000	0.806833
57.922703	7.144579	TKDE	1.000000	0.000000	0.806833
25.799105	-57.632881	SIGMOD	1.000000	0.428000	0.000000
13.200619	-63.344742	TODS	1.000000	0.000000	0.366667
-3.772980	62.583931	SIGIR	0.000000	1.000000	0.391000
28.365610	-56.516056	SIGMOD	1.000000	0.428000	0.000000
18.930799	24.443058	WWW	0.581667	0.000000	1.000000
-17.777397	-65.468094	TKDE	1.000000	0.000000	0.806833
23.850389	-10.562452	SIGMOD	1.000000	0.428000	0.000000
5.452790	-71.500168	SIGMOD	1.000000	0.428000	0.000000
13.459854	39.052612	SIGIR	0.000000	1.000000	0.391000
5.629460	45.059349	KDD	0.000000	0.651333	1.000000
-34.964787	18.157757	KDD	0.000000	0.651333	1.000000
-29.166161	3.185399	TKDE	1.000000	0.000000	0.806833
10.802393	31.499157	WWW	0.581667	0.000000	1.000000
7.534358	42.575138	WWW	0.581667	0.000000	1.000000
11.919486	60.852165	TOIS	0.000000	1.000000	0.886833
-9.962773	-70.719513	VLDB	0.616833	1.000000	0.000000
-28.539948	-35.406685	VLDB	0.616833	1.000000	0.000000
-21.993700	-69.044891	WWW	0.581667	0.000000	1.000000
45.815620	-27.046450	WWW	0.581667	0.000000	1.000000
21.553459	-12.005699	SIGMOD	1.000000	0.428000	0.000000
-11.056427	20.705366	KDD	0.000000	0.651333	1.000000
-43.095123	-4.166622	SIGMOD	1.000000	0.428000	0.000000
-18.109108	23.596918	KDD	0.000000	0.651333	1.000000
43.971027	22.316582	WWW	0.581667	0.000000	1.000000
18.982882	-22.921408	SIGMOD	1.000000	0.428000	0.000000
-50.158730	20.084877	VLDB	0.616833	1.000000	0.000000
-49.270138	11.829304	SIGMOD	1.000000	0.428000	0.000000
24.816044	-32.319992	ICDE	1.000000	0.882167	0.000000
34.979588	-29.044310	VLDB	0.616833	1.000000	0.000000
-25.484726	49.473846	KDD	0.000000	0.651333	1.000000
10.823881	60.161835	SIGIR	0.000000	1.000000	0.391000
-13.435475	-28.637489	VLDB	0.616833	1.000000	0.000000
46.075382	16.548088	WWW	0.581667	0.000000	1.000000
21.971296	23.278944	WWW	0.581667	0.000000	1.000000
8.258223	-26.737946	ICDE	1.000000	0.882167	0.000000
-45.333515	-6.908485	VLDB	0.616833	1.000000	0.000000
-7.546626	-39.264946	SIGMOD	1.000000	0.428000	0.000000
2.984395	-65.315742	SIGMOD	1.000000	0.428000	0.000000
32.879704	-23.533693	ICDE	1.000000	0.882167	0.000000
-9.641705	28.724012	KDD	0.000000	0.651333	1.000000
-51.509674	17.488504	VLDB	0.616833	1.000000	0.000000
23.675577	-20.218796	VLDB	0.616833	1.000000	0.000000
-6.955624	-29.740532	SIGMOD	1.000000	0.428000	0.000000
-41.245663	6.496113	KDD	0.000000	0.651333	1.000000
-50.125786	8.366103	KDD	0.000000	0.651333	1.000000
48.011364	-14.812258	SIGMOD	1.000000	0.428000	0.000000
-13.401764	22.369411	WWW	0.581667	0.000000	1.000000
7.912476	-29.714270	SIGMOD	1.000000	0.428000	0.000000
21.143810	-61.934219	SIGMOD	1.000000	0.428000	0.000000
-47.662872	18.798838	SIGMOD	1.000000	0.428000	0.000000
-32.477364	1.322460	TKDE	1.000000	0.000000	0.806833
22.825497	-12.372395	SIGMOD	1.000000	0.428000	0.000000
14.775809	-28.417969	VLDB	0.616833	1.000000	0.000000
-27.505190	31.219860	KDD	0.000000	0.651333	1.000000
-2.415046	-54.556107	SIGMOD	1.000000	0.428000	0.000000
-34.861855	33.762844	KDD	0.000000	0.651333	1.000000
1.954227	37.290318	SIGIR	0.000000	1.000000	0.391000
18.454906	42.413895	SIGIR	0.000000	1.000000	0.391000
48.880520	33.528561	TKDE	1.000000	0.000000	0.806833
36.810062	30.401957	WWW	0.581667	0.000000	1.000000
20.913511	-8.718308	VLDB	0.616833	1.000000	0.000000
-7.089687	-27.276159	SIGMOD	1.000000	0.428000	0.000000
6.689827	55.530186	SIGIR	0.000000	1.000000	0.391000
3.061627	-32.514034	ICDE	1.000000	0.882167	0.000000
17.054142	6.159313	VLDB	0.616833	1.000000	0.000000
-35.982445	30.287601	KDD	0.000000	0.651333	1.000000
14.394637	44.432060	WWW	0.581667	0.000000	1.000000
-45.388504	15.031820	SIGMOD	1.000000	0.428000	0.000000
1.971138	-25.379080	VLDB	0.616833	1.000000	0.000000
35.569546	11.204931	WWW	0.581667	0.000000	1.000000
22.147182	-15.237133	VLDB	0.616833	1.000000	0.000000
8.887853	-45.436840	SIGMOD	1.000000	0.428000	0.000000
3.775686	23.480015	WWW	0.581667	0.000000	1.000000
44.245037	-14.407292	KDD	0.000000	0.651333	1.000000
12.667279	-16.969507	VLDB	0.616833	1.000000	0.000000
-1.534452	0.384514	SIGMOD	1.000000	0.428000	0.000000
22.074461	-65.567909	SIGMOD	1.000000	0.428000	0.000000
-0.019332	-50.632416	SIGMOD	1.000000	0.428000	0.000000
5.428903	-59.173023	SIGMOD	1.000000	0.428000	0.000000
36.431511	-45.827770	VLDB	0.616833	1.000000	0.000000
47.022392	-24.507475	SIGMOD	1.000000	0.428000	0.000000
4.772321	-9.228885	VLDB	0.616833	1.000000	0.000000
30.868673	34.843315	WWW	0.581667	0.000000	1.000000
30.428789	-38.648899	VLDB	0.616833	1.000000	0.000000
50.146893	11.682617	WWW	0.581667	0.000000	1.000000
-11.184256	18.498384	WWW	0.581667	0.000000	1.000000
37.156391	-13.601184	KDD	0.000000	0.651333	1.000000
-13.269208	-16.637308	VLDB	0.616833	1.000000	0.000000
6.497055	-70.401779	SIGMOD	1.000000	0.428000	0.000000
36.882683	-43.771233	SIGMOD	1.000000	0.428000	0.000000
21.752028	-59.717976	SIGMOD	1.000000	0.428000	0.000000
-0.068103	-51.344612	SIGMOD	1.000000	0.428000	0.000000
27.030230	-53.221336	ICDE	1.000000	0.882167	0.000000
-33.504097	35.029079	KDD	0.000000	0.651333	1.000000
45.317051	-14.029777	KDD	0.000000	0.651333	1.000000
49.880032	-26.629463	ICDE	1.000000	0.882167	0.000000
4.044697	-55.227196	TKDE	1.000000	0.000000	0.806833
10.747307	-76.682236	VLDB	0.616833	1.000000	0.000000
-21.953348	-52.904217	SIGMOD	1.000000	0.428000	0.000000
-10.047812	54.094444	SIGIR	0.000000	1.000000	0.391000
-6.006646	-62.425186	SIGMOD	1.000000	0.428000	0.000000
-3.526919	26.173784	SIGMOD	1.000000	0.428000	0.000000
2.827678	56.525440	SIGIR	0.000000	1.000000	0.391000
8.712763	14.732548	WWW	0.581667	0.000000	1.000000
-12.767013	-45.075733	SIGMOD	1.000000	0.428000	0.000000
29.497585	-49.326561	VLDB	0.616833	1.000000	0.000000
-7.615069	-64.316719	SIGMOD	1.000000	0.428000	0.000000
-49.764790	25.482746	TKDE	1.000000	0.000000	0.806833
24.658524	19.183916	WWW	0.581667	0.000000	1.000000
-6.556601	66.846992	TOIS	0.000000	1.000000	0.886833
25.930416	18.350096	WWW	0.581667	0.000000	1.000000
-35.126163	36.401340	KDD	0.000000	0.651333	1.000000
-45.204235	33.415375	KDD	0.000000	0.651333	1.000000
-22.383900	-53.650337	SIGMOD	1.000000	0.428000	0.000000
-17.664900	41.253540	KDD	0.000000	0.651333	1.000000
-2.975442	67.341476	SIGIR	0.000000	1.000000	0.391000
51.150066	-28.986940	ICDE	1.000000	0.882167	0.000000
-7.605491	37.954872	WWW	0.581667	0.000000	1.000000
2.269223	6.482964	SIGMOD	1.000000	0.428000	0.000000
7.760200	68.992615	SIGIR	0.000000	1.000000	0.391000
12.501222	-8.019569	ICDE	1.000000	0.882167	0.000000
25.279192	-50.285686	SIGMOD	1.000000	0.428000	0.000000
-27.625065	0.743718	KDD	0.000000	0.651333	1.000000
10.473766	46.024681	SIGIR	0.000000	1.000000	0.391000
-46.907421	17.927162	SIGMOD	1.000000	0.428000	0.000000
15.358353	30.189968	WWW	0.581667	0.000000	1.000000
12.581595	46.765350	TOIS	0.000000	1.000000	0.886833
46.268593	21.279781	WWW	0.581667	0.000000	1.000000
-22.908976	-39.906380	VLDB	0.616833	1.000000	0.000000
-8.115535	41.084007	SIGIR	0.000000	1.000000	0.391000
9.501827	-60.198521	SIGMOD	1.000000	0.428000	0.000000
11.731922	-22.376654	SIGMOD	1.000000	0.428000	0.000000
9.066982	12.445207	WWW	0.581667	0.000000	1.000000
30.513885	-14.454219	VLDB	0.616833	1.000000	0.000000
-2.359901	22.990095	WWW	0.581667	0.000000	1.000000
-49.120167	0.232310	KDD	0.000000	0.651333	1.000000
49.751427	36.112434	TKDE	1.000000	0.000000	0.806833
-52.002010	19.619041	KDD	0.000000	0.651333	1.000000
15.738823	33.356152	SIGIR	0.000000	1.000000	0.391000
-26.003391	1.249205	KDD	0.000000	0.651333	1.000000
-15.025833	-36.104313	VLDB	0.616833	1.000000	0.000000
34.499714	-30.411312	ICDE	1.000000	0.882167	0.000000
10.437410	-69.003944	VLDB	0.616833	1.000000	0.000000
-33.116821	36.737663	KDD	0.000000	0.651333	1.000000
4.178982	-58.549618	TODS	1.000000	0.000000	0.366667
20.577532	-31.053894	SIGMOD	1.000000	0.428000	0.000000
39.453812	35.845287	TKDE	1.000000	0.000000	0.806833
7.143471	59.310066	SIGIR	0.000000	1.000000	0.391000
-3.675237	-50.247925	SIGMOD	1.000000	0.428000	0.000000
22.727478	8.659878	TKDE	1.000000	0.000000	0.806833
7.754955	-4.459426	SIGMOD	1.000000	0.428000	0.000000
14.925153	-61.267036	TODS	1.000000	0.000000	0.366667
23.662161	18.256409	WWW	0.581667	0.000000	1.000000
20.720518	31.391253	TKDE	1.000000	0.000000	0.806833
0.989772	61.129826	SIGIR	0.000000	1.000000	0.391000
-11.735332	67.330063	SIGIR	0.000000	1.000000	0.391000
-20.767757	-52.958015	VLDB	0.616833	1.000000	0.000000
9.731673	-39.303822	VLDB	0.616833	1.000000	0.000000
27.754705	-16.657980	VLDB	0.616833	1.000000	0.000000
17.645613	35.591267	SIGIR	0.000000	1.000000	0.391000
-4.843594	-42.051147	SIGMOD	1.000000	0.428000	0.000000
-50.656925	-10.127400	VLDB	0.616833	1.000000	0.000000
6.147720	27.440239	TKDE	1.000000	0.000000	0.806833
-42.675194	-7.884744	VLDB	0.616833	1.000000	0.000000
9.189060	-43.799549	VLDB	0.616833	1.000000	0.000000
-5.316646	-23.489902	SIGMOD	1.000000	0.428000	0.000000
-0.245877	-26.177034	SIGMOD	1.000000	0.428000	0.000000
-44.514481	-18.217257	VLDB	0.616833	1.000000	0.000000
45.281120	-24.323669	KDD	0.000000	0.651333	1.000000
23.469126	24.293219	WWW	0.581667	0.000000	1.000000
4.816293	-40.105175	SIGMOD	1.000000	0.428000	0.000000
23.355425	21.221661	WWW	0.581667	0.000000	1.000000
40.082073	39.452847	TKDE	1.000000	0.000000	0.806833
37.477985	17.737934	WWW	0.581667	0.000000	1.000000
-13.025481	-18.168894	ICDE	1.000000	0.882167	0.000000
10.445868	26.288542	WWW	0.581667	0.000000	1.000000
-3.130413	32.426094	WWW	0.581667	0.000000	1.000000
18.957872	-50.989449	TKDE	1.000000	0.000000	0.806833
-0.213568	68.769295	SIGIR	0.000000	1.000000	0.391000
-15.666258	20.899483	KDD	0.000000	0.651333	1.000000
22.886013	-58.370052	SIGMOD	1.000000	0.428000	0.000000
-2.283869	-46.993168	SIGMOD	1.000000	0.428000	0.000000
24.288391	62.679714	TOIS	0.000000	1.000000	0.886833
-9.506169	24.149673	KDD	0.000000	0.651333	1.000000
-11.948573	-17.835583	ICDE	1.000000	0.882167	0.000000
-13.466349	24.660461	KDD	0.000000	0.651333	1.000000
28.554506	11.052332	WWW	0.581667	0.000000	1.000000
21.015272	-16.130003	VLDB	0.616833	1.000000	0.000000
-16.036621	64.755478	SIGIR	0.000000	1.000000	0.391000
-45.296230	-8.927423	SIGMOD	1.000000	0.428000	0.000000
16.646948	21.273348	WWW	0.581667	0.000000	1.000000
11.903308	-11.238831	VLDB	0.616833	1.000000	0.000000
-6.739300	33.208054	KDD	0.000000	0.651333	1.000000
-12.314002	5.968424	TKDE	1.000000	0.000000	0.806833
28.660236	-34.151054	SIGMOD	1.000000	0.428000	0.000000
-10.499757	-55.802822	TKDE	1.000000	0.000000	0.806833
-2.361658	6.388399	WWW	0.581667	0.000000	1.000000
26.472782	-60.714085	VLDB	0.616833	1.000000	0.000000
3.362848	-66.840073	SIGMOD	1.000000	0.428000	0.000000
3.719542	53.707912	SIGIR	0.000000	1.000000	0.391000
-7.397229	17.508921	WWW	0.581667	0.000000	1.000000
9.445294	-5.547636	VLDB	0.616833	1.000000	0.000000
-27.967777	-12.734790	TKDE	1.000000	0.000000	0.806833
6.889788	36.353775	WWW	0.581667	0.000000	1.000000
-40.793373	-7.245142	TKDE	1.000000	0.000000	0.806833
0.912247	32.431728	KDD	0.000000	0.651333	1.000000
-20.707817	-56.473011	SIGMOD	1.000000	0.428000	0.000000
7.236685	-49.534657	SIGMOD	1.000000	0.428000	0.000000
-52.341824	10.208159	VLDB	0.616833	1.000000	0.000000
25.948158	-8.260540	VLDB	0.616833	1.000000	0.000000
-1.138843	70.784683	SIGIR	0.000000	1.000000	0.391000
-12.984609	53.140079	KDD	0.000000	0.651333	1.000000
26.481045	-26.033436	TKDE	1.000000	0.000000	0.806833
-15.588788	-25.034779	ICDE	1.000000	0.882167	0.000000
6.405537	-74.908035	TKDE	1.000000	0.000000	0.806833
-53.247173	10.509888	VLDB	0.616833	1.000000	0.000000
-14.228994	51.261383	KDD	0.000000	0.651333	1.000000
36.423855	-48.101341	SIGMOD	1.000000	0.428000	0.000000
31.204990	-18.842159	SIGMOD	1.000000	0.428000	0.000000
33.635963	10.513687	WWW	0.581667	0.000000	1.000000
-45.183052	5.425793	KDD	0.000000	0.651333	1.000000
2.997510	65.587021	SIGIR	0.000000	1.000000	0.391000
36.466778	-41.935265	VLDB	0.616833	1.000000	0.000000
10.370947	37.161453	WWW	0.581667	0.000000	1.000000
-2.669132	34.590733	WWW	0.581667	0.000000	1.000000
13.657795	22.211390	WWW	0.581667	0.000000	1.000000
41.764030	-48.332760	KDD	0.000000	0.651333	1.000000
28.849812	-15.887420	VLDB	0.616833	1.000000	0.000000
-31.821836	-18.179043	TKDE	1.000000	0.000000	0.806833
-6.708537	23.802076	WWW	0.581667	0.000000	1.000000
-14.912704	15.465360	KDD	0.000000	0.651333	1.000000
-28.127470	-13.237962	VLDB	0.616833	1.000000	0.000000
-37.545361	-21.382517	TKDE	1.000000	0.000000	0.806833
7.560076	-9.234534	SIGMOD	1.000000	0.428000	0.000000
16.941349	16.760094	WWW	0.581667	0.000000	1.000000
-26.431417	-35.433727	SIGMOD	1.000000	0.428000	0.000000
-14.672939	-6.483613	TKDE	1.000000	0.000000	0.806833
7.998838	-67.161041	SIGMOD	1.000000	0.428000	0.000000
22.623875	34.637352	WWW	0.581667	0.000000	1.000000
4.038261	52.618500	SIGIR	0.000000	1.000000	0.391000
16.717968	6.773103	VLDB	0.616833	1.000000	0.000000
-27.629684	28.422899	KDD	0.000000	0.651333	1.000000
16.288946	-31.838627	SIGMOD	1.000000	0.428000	0.000000
4.325760	40.651642	KDD	0.000000	0.651333	1.000000
-4.024153	59.946484	SIGIR	0.000000	1.000000	0.391000
-8.095692	61.092079	SIGIR	0.000000	1.000000	0.391000
1.098489	38.953453	SIGIR	0.000000	1.000000	0.391000
34.838295	26.353888	WWW	0.581667	0.000000	1.000000
-34.211975	2.033953	KDD	0.000000	0.651333	1.000000
31.592672	-47.696667	VLDB	0.616833	1.000000	0.000000
-9.665936	-64.455887	TKDE	1.000000	0.000000	0.806833
26.849667	39.604336	WWW	0.581667	0.000000	1.000000
-20.432219	61.684307	SIGMOD	1.000000	0.428000	0.000000
34.010742	17.676783	WWW	0.581667	0.000000	1.000000
-11.675978	34.759720	WWW	0.581667	0.000000	1.000000
-7.554016	-50.531120	SIGMOD	1.000000	0.428000	0.000000
-32.077694	41.733643	TKDE	1.000000	0.000000	0.806833
15.649071	55.386307	SIGIR	0.000000	1.000000	0.391000
-29.554874	26.839659	KDD	0.000000	0.651333	1.000000
-35.353462	-2.954236	SIGMOD	1.000000	0.428000	0.000000
-38.572830	18.317017	VLDB	0.616833	1.000000	0.000000
37.540730	42.774998	SIGIR	0.000000	1.000000	0.391000
-2.481979	2.916350	VLDB	0.616833	1.000000	0.000000
2.612301	31.324148	WWW	0.581667	0.000000	1.000000
-2.771490	68.508583	SIGIR	0.000000	1.000000	0.391000
-31.778584	2.697455	KDD	0.000000	0.651333	1.000000
22.918476	1.428851	ICDE	1.000000	0.882167	0.000000
22.836170	-10.478719	SIGMOD	1.000000	0.428000	0.000000
-24.787798	14.512145	KDD	0.000000	0.651333	1.000000
10.629930	23.314135	WWW	0.581667	0.000000	1.000000
16.299078	15.418434	WWW	0.581667	0.000000	1.000000
-7.097215	31.658127	KDD	0.000000	0.651333	1.000000
-16.735041	-36.945072	VLDB	0.616833	1.000000	0.000000
-31.315710	-0.695375	SIGMOD	1.000000	0.428000	0.000000
-5.888887	-56.269138	VLDB	0.616833	1.000000	0.000000
49.048695	-30.104483	ICDE	1.000000	0.882167	0.000000
23.222740	-27.325575	VLDB	0.616833	1.000000	0.000000
-15.190542	37.226437	KDD	0.000000	0.651333	1.000000
40.295135	-45.279217	SIGMOD	1.000000	0.428000	0.000000
15.791456	40.148193	SIGIR	0.000000	1.000000	0.391000
-0.346652	65.287857	SIGIR	0.000000	1.000000	0.391000
-17.146616	-37.730263	VLDB	0.616833	1.000000	0.000000
17.445990	33.942703	SIGIR	0.000000	1.000000	0.391000
11.391497	35.363503	WWW	0.581667	0.000000	1.000000
-42.081345	5.118024	KDD	0.000000	0.651333	1.000000
-40.109531	26.560043	KDD	0.000000	0.651333	1.000000
-0.938917	28.442001	SIGIR	0.000000	1.000000	0.391000
-15.486455	-68.237442	TKDE	1.000000	0.000000	0.806833
14.858014	52.923462	SIGIR	0.000000	1.000000	0.391000
-9.815776	54.468204	TOIS	0.000000	1.000000	0.886833
54.462204	6.446299	TKDE	1.000000	0.000000	0.806833
40.866520	19.404507	WWW	0.581667	0.000000	1.000000
15.483948	-67.527565	SIGMOD	1.000000	0.428000	0.000000
-21.264559	30.269091	KDD	0.000000	0.651333	1.000000
-44.935154	31.348217	KDD	0.000000	0.651333	1.000000
-49.978512	10.383199	SIGMOD	1.000000	0.428000	0.000000
-19.539507	51.033905	SIGIR	0.000000	1.000000	0.391000
16.822718	11.405271	SIGMOD	1.000000	0.428000	0.000000
41.285538	46.264080	TKDE	1.000000	0.000000	0.806833
2.690880	54.892868	SIGIR	0.000000	1.000000	0.391000
-52.744831	13.128412	VLDB	0.616833	1.000000	0.000000
-41.369389	-19.628466	KDD	0.000000	0.651333	1.000000
17.258417	55.442989	SIGIR	0.000000	1.000000	0.391000
-12.229230	52.714672	SIGIR	0.000000	1.000000	0.391000
-0.898864	-26.218075	SIGMOD	1.000000	0.428000	0.000000
-27.628309	-7.516573	ICDE	1.000000	0.882167	0.000000
-38.207924	-0.697993	KDD	0.000000	0.651333	1.000000
6.142466	67.235039	SIGIR	0.000000	1.000000	0.391000
-1.854294	-68.716644	WWW	0.581667	0.000000	1.000000
4.298768	-71.918587	SIGMOD	1.000000	0.428000	0.000000
-45.968895	-7.788634	VLDB	0.616833	1.000000	0.000000
58.672012	10.656077	TKDE	1.000000	0.000000	0.806833
-39.307880	13.094112	TKDE	1.000000	0.000000	0.806833
-10.343198	55.983135	SIGIR	0.000000	1.000000	0.391000
-11.557608	68.397873	SIGIR	0.000000	1.000000	0.391000
-12.275841	43.240974	SIGIR	0.000000	1.000000	0.391000
41.420334	-44.475460	VLDB	0.616833	1.000000	0.000000
21.242851	-37.599628	SIGMOD	1.000000	0.428000	0.000000
-18.490324	33.431358	WWW	0.581667	0.000000	1.000000
42.570374	-29.011726	TKDE	1.000000	0.000000	0.806833
16.716595	-31.075243	SIGMOD	1.000000	0.428000	0.000000
17.096191	47.229473	WWW	0.581667	0.000000	1.000000
19.330889	-49.337788	TKDE	1.000000	0.000000	0.806833
-12.958327	-66.107735	TKDE	1.000000	0.000000	0.806833
42.346397	25.845655	WWW	0.581667	0.000000	1.000000
-36.767933	-0.139269	KDD	0.000000	0.651333	1.000000
-43.670612	23.105974	KDD	0.000000	0.651333	1.000000
-9.051371	-60.549675	VLDB	0.616833	1.000000	0.000000
-42.064144	-18.696192	KDD	0.000000	0.651333	1.000000
-40.445953	-9.407922	SIGMOD	1.000000	0.428000	0.000000
32.036644	-24.908682	VLDB	0.616833	1.000000	0.000000
-38.076683	20.914476	KDD	0.000000	0.651333	1.000000
9.959716	34.476437	WWW	0.581667	0.000000	1.000000
-22.975372	-7.313942	SIGMOD	1.000000	0.428000	0.000000
9.956776	26.602140	TKDE	1.000000	0.000000	0.806833
2.285344	-73.168938	VLDB	0.616833	1.000000	0.000000
15.760598	11.470431	VLDB	0.616833	1.000000	0.000000
18.596741	-42.019737	SIGMOD	1.000000	0.428000	0.000000
1.569350	-6.860625	WWW	0.581667	0.000000	1.000000
-23.245817	-38.243958	VLDB	0.616833	1.000000	0.000000
-12.215240	41.425785	TOIS	0.000000	1.000000	0.886833
-32.023415	-6.784432	ICDE	1.000000	0.882167	0.000000
-5.299222	60.975677	SIGIR	0.000000	1.000000	0.391000
11.320637	-5.979748	VLDB	0.616833	1.000000	0.000000
7.842837	-45.852135	SIGMOD	1.000000	0.428000	0.000000
46.745060	-12.384426	TKDE	1.000000	0.000000	0.806833
-35.858768	2.248832	KDD	0.000000	0.651333	1.000000
-19.866817	-66.273605	ICDE	1.000000	0.882167	0.000000
7.619193	13.197520	WWW	0.581667	0.000000	1.000000
11.740660	-2.214074	WWW	0.581667	0.000000	1.000000
10.266029	-77.244705	SIGMOD	1.000000	0.428000	0.000000
-19.380522	-20.719431	ICDE	1.000000	0.882167	0.000000
-48.476501	19.379124	SIGMOD	1.000000	0.428000	0.000000
5.321977	-72.913559	TKDE	1.000000	0.000000	0.806833
-2.465827	-19.858963	VLDB	0.616833	1.000000	0.000000
-13.455418	56.969067	SIGIR	0.000000	1.000000	0.391000
-13.252098	62.479244	SIGIR	0.000000	1.000000	0.391000
12.376857	32.041462	TKDE	1.000000	0.000000	0.806833
-17.118204	59.641369	SIGIR	0.000000	1.000000	0.391000
15.983720	54.910149	TOIS	0.000000	1.000000	0.886833
28.440907	12.821733	KDD	0.000000	0.651333	1.000000
29.792429	-22.985361	VLDB	0.616833	1.000000	0.000000
11.727933	-29.232349	VLDB	0.616833	1.000000	0.000000
46.682514	-10.559453	TKDE	1.000000	0.000000	0.806833
26.031887	52.900948	KDD	0.000000	0.651333	1.000000
-54.252422	-10.955529	TKDE	1.000000	0.000000	0.806833
7.641632	12.288185	KDD	0.000000	0.651333	1.000000
12.901825	-40.441463	SIGMOD	1.000000	0.428000	0.000000
-11.378807	22.162743	KDD	0.000000	0.651333	1.000000
24.249519	3.986720	TKDE	1.000000	0.000000	0.806833
-17.748220	58.184834	SIGIR	0.000000	1.000000	0.391000
6.103444	-61.562660	TODS	1.000000	0.000000	0.366667
45.188015	-12.725326	VLDB	0.616833	1.000000	0.000000
33.262535	-6.786449	SIGMOD	1.000000	0.428000	0.000000
25.431456	4.491122	TKDE	1.000000	0.000000	0.806833
11.687776	31.245451	WWW	0.581667	0.000000	1.000000
-36.321590	-1.659781	TKDE	1.000000	0.000000	0.806833
-17.827391	49.344616	SIGIR	0.000000	1.000000	0.391000
3.122974	-58.669846	TODS	1.000000	0.000000	0.366667
-27.471945	18.590853	VLDB	0.616833	1.000000	0.000000
16.337564	-67.318779	SIGMOD	1.000000	0.428000	0.000000
-43.253929	14.858411	VLDB	0.616833	1.000000	0.000000
-6.782521	16.124226	WWW	0.581667	0.000000	1.000000
-32.377941	-6.472785	ICDE	1.000000	0.882167	0.000000
-16.581505	40.310059	KDD	0.000000	0.651333	1.000000
6.781348	-73.219093	VLDB	0.616833	1.000000	0.000000
1.736871	65.006897	SIGIR	0.000000	1.000000	0.391000
51.409569	-23.099342	ICDE	1.000000	0.882167	0.000000
-13.004177	-25.906261	VLDB	0.616833	1.000000	0.000000
24.879713	-51.114010	SIGMOD	1.000000	0.428000	0.000000
33.971798	28.525402	WWW	0.581667	0.000000	1.000000
40.374290	-47.187962	KDD	0.000000	0.651333	1.000000
29.356979	-0.507880	WWW	0.581667	0.000000	1.000000
-6.348459	59.188923	SIGIR	0.000000	1.000000	0.391000
19.333727	-31.385389	SIGMOD	1.000000	0.428000	0.000000
9.078457	-66.590134	SIGMOD	1.000000	0.428000	0.000000
35.094746	-6.054318	SIGMOD	1.000000	0.428000	0.000000
38.436848	-45.829033	SIGMOD	1.000000	0.428000	0.000000
36.503017	-51.088352	ICDE	1.000000	0.882167	0.000000
34.869747	-52.231323	ICDE	1.000000	0.882167	0.000000
24.391878	-62.518501	VLDB	0.616833	1.000000	0.000000
-4.308406	25.245609	WWW	0.581667	0.000000	1.000000
27.879045	-39.205833	SIGMOD	1.000000	0.428000	0.000000
2.883450	-64.871399	SIGMOD	1.000000	0.428000	0.000000
-14.972198	14.973371	KDD	0.000000	0.651333	1.000000
-22.080870	-40.341473	VLDB	0.616833	1.000000	0.000000
-36.903831	-9.661985	VLDB	0.616833	1.000000	0.000000
-25.861479	-35.390663	SIGMOD	1.000000	0.428000	0.000000
13.548721	26.174562	KDD	0.000000	0.651333	1.000000
-12.181590	63.429272	SIGIR	0.000000	1.000000	0.391000
6.166972	52.800266	TOIS	0.000000	1.000000	0.886833
-18.896061	47.857319	KDD	0.000000	0.651333	1.000000
11.015988	-27.433712	VLDB	0.616833	1.000000	0.000000
46.453293	-14.043480	KDD	0.000000	0.651333	1.000000
8.995032	53.775894	SIGIR	0.000000	1.000000	0.391000
32.280357	-39.071785	VLDB	0.616833	1.000000	0.000000
-44.267509	-2.438717	SIGMOD	1.000000	0.428000	0.000000
36.672302	-46.352512	VLDB	0.616833	1.000000	0.000000
31.132515	-42.182697	VLDB	0.616833	1.000000	0.000000
-2.116668	59.290401	SIGIR	0.000000	1.000000	0.391000
48.823540	7.811719	WWW	0.581667	0.000000	1.000000
7.708135	-11.864917	SIGMOD	1.000000	0.428000	0.000000
-51.190887	11.348174	SIGMOD	1.000000	0.428000	0.000000
-39.700825	-2.892562	SIGMOD	1.000000	0.428000	0.000000
-50.484623	13.827610	VLDB	0.616833	1.000000	0.000000
-8.498368	-50.517403	SIGMOD	1.000000	0.428000	0.000000
-4.100924	-62.804855	SIGMOD	1.000000	0.428000	0.000000
12.384367	-6.294178	VLDB	0.616833	1.000000	0.000000
-19.410694	24.310877	KDD	0.000000	0.651333	1.000000
-4.689867	22.254251	WWW	0.581667	0.000000	1.000000
36.338539	31.752914	WWW	0.581667	0.000000	1.000000
20.904646	-18.138067	VLDB	0.616833	1.000000	0.000000
-15.078467	-23.112215	ICDE	1.000000	0.882167	0.000000
-0.150520	63.524147	SIGIR	0.000000	1.000000	0.391000
25.699295	32.947090	WWW	0.581667	0.000000	1.000000
9.495332	56.214638	SIGIR	0.000000	1.000000	0.391000
35.235252	38.199997	TKDE	1.000000	0.000000	0.806833
-36.580727	43.121536	TKDE	1.000000	0.000000	0.806833
4.503919	-13.629190	VLDB	0.616833	1.000000	0.000000
29.122097	12.827617	WWW	0.581667	0.000000	1.000000
10.428494	11.065143	WWW	0.581667	0.000000	1.000000
-9.881479	-59.063885	VLDB	0.616833	1.000000	0.000000
23.034109	18.180792	WWW	0.581667	0.000000	1.000000
15.318309	-41.769238	SIGMOD	1.000000	0.428000	0.000000
34.596275	-5.644543	SIGMOD	1.000000	0.428000	0.000000
-27.205732	-31.327471	ICDE	1.000000	0.882167	0.000000
26.181843	14.936231	WWW	0.581667	0.000000	1.000000
17.731104	27.382755	WWW	0.581667	0.000000	1.000000
34.571724	37.669006	WWW	0.581667	0.000000	1.000000
-1.606930	-45.415237	SIGMOD	1.000000	0.428000	0.000000
-3.605857	-39.829918	SIGMOD	1.000000	0.428000	0.000000
49.051361	-27.445675	ICDE	1.000000	0.882167	0.000000
16.069948	-33.737476	SIGMOD	1.000000	0.428000	0.000000
6.949291	10.828773	SIGMOD	1.000000	0.428000	0.000000
19.318386	23.375154	WWW	0.581667	0.000000	1.000000
-41.094025	17.851160	KDD	0.000000	0.651333	1.000000
-24.962639	-4.105993	KDD	0.000000	0.651333	1.000000
12.938943	25.748217	WWW	0.581667	0.000000	1.000000
15.086963	-38.551613	VLDB	0.616833	1.000000	0.000000
-38.349781	19.243380	KDD	0.000000	0.651333	1.000000
27.758877	-15.018780	VLDB	0.616833	1.000000	0.000000
-6.701694	-52.944065	SIGMOD	1.000000	0.428000	0.000000
-43.984249	-9.688153	VLDB	0.616833	1.000000	0.000000
-35.341690	27.627367	KDD	0.000000	0.651333	1.000000
41.988319	-28.855360	SIGMOD	1.000000	0.428000	0.000000
-4.006112	-51.219383	SIGMOD	1.000000	0.428000	0.000000
3.460565	23.155539	WWW	0.581667	0.000000	1.000000
-7.925375	-15.453981	VLDB	0.616833	1.000000	0.000000
-26.908953	39.396866	KDD	0.000000	0.651333	1.000000
5.728805	-40.753834	SIGMOD	1.000000	0.428000	0.000000
29.370125	32.763901	WWW	0.581667	0.000000	1.000000
-2.598220	61.182350	SIGIR	0.000000	1.000000	0.391000
-16.321646	37.239594	KDD	0.000000	0.651333	1.000000
5.643260	-2.814375	VLDB	0.616833	1.000000	0.000000
-20.319223	25.180958	KDD	0.000000	0.651333	1.000000
-46.830460	27.983759	KDD	0.000000	0.651333	1.000000
42.718922	-49.681400	KDD	0.000000	0.651333	1.000000
2.800088	-45.077950	WWW	0.581667	0.000000	1.000000
-9.683346	-19.480810	SIGIR	0.000000	1.000000	0.391000
-35.625732	-9.815416	ICDE	1.000000	0.882167	0.000000
1.528075	-10.041854	ICDE	1.000000	0.882167	0.000000
-0.090493	-7.735732	WWW	0.581667	0.000000	1.000000
-13.761554	66.901466	SIGIR	0.000000	1.000000	0.391000
-8.063679	-65.919823	VLDB	0.616833	1.000000	0.000000
11.110700	-6.968794	VLDB	0.616833	1.000000	0.000000
44.356121	-16.605915	SIGMOD	1.000000	0.428000	0.000000
12.430483	-64.487862	VLDB	0.616833	1.000000	0.000000
-38.860138	43.225342	TKDE	1.000000	0.000000	0.806833
-24.945852	-7.428506	ICDE	1.000000	0.882167	0.000000
42.706959	18.157183	WWW	0.581667	0.000000	1.000000
-4.464358	-41.357708	SIGMOD	1.000000	0.428000	0.000000
-20.748428	-55.535900	VLDB	0.616833	1.000000	0.000000
23.726015	61.565723	TOIS	0.000000	1.000000	0.886833
9.237580	52.081554	SIGIR	0.000000	1.000000	0.391000
-34.966034	40.519699	TKDE	1.000000	0.000000	0.806833
-26.666531	-38.196232	SIGMOD	1.000000	0.428000	0.000000
34.236198	-36.738220	VLDB	0.616833	1.000000	0.000000
17.787121	-21.156500	SIGMOD	1.000000	0.428000	0.000000
-26.520937	37.858883	KDD	0.000000	0.651333	1.000000
2.114945	45.580372	WWW	0.581667	0.000000	1.000000
12.899054	-18.540531	ICDE	1.000000	0.882167	0.000000
4.147760	30.852814	KDD	0.000000	0.651333	1.000000
9.129928	-42.304867	VLDB	0.616833	1.000000	0.000000
8.328205	-47.884327	SIGMOD	1.000000	0.428000	0.000000
29.297794	22.075796	WWW	0.581667	0.000000	1.000000
-47.253250	13.864611	SIGMOD	1.000000	0.428000	0.000000
-20.975210	45.371563	KDD	0.000000	0.651333	1.000000
42.767250	24.783922	WWW	0.581667	0.000000	1.000000
-9.368910	-69.535568	VLDB	0.616833	1.000000	0.000000
-7.842371	-16.221228	VLDB	0.616833	1.000000	0.000000
-46.952759	-9.528682	VLDB	0.616833	1.000000	0.000000
-7.096038	44.887238	SIGIR	0.000000	1.000000	0.391000
8.666199	62.648258	SIGIR	0.000000	1.000000	0.391000
-39.377132	0.006975	KDD	0.000000	0.651333	1.000000
-47.468285	-4.118846	KDD	0.000000	0.651333	1.000000
-19.349503	49.596081	SIGIR	0.000000	1.000000	0.391000
-21.898964	-41.420868	SIGMOD	1.000000	0.428000	0.000000
41.703587	18.590080	WWW	0.581667	0.000000	1.000000
-4.384463	-54.434494	SIGMOD	1.000000	0.428000	0.000000
-44.639179	-19.538912	KDD	0.000000	0.651333	1.000000
-21.599680	-33.294266	VLDB	0.616833	1.000000	0.000000
-34.754868	19.607368	KDD	0.000000	0.651333	1.000000
39.543484	42.360073	TKDE	1.000000	0.000000	0.806833
-24.628233	3.188372	TKDE	1.000000	0.000000	0.806833
9.473515	9.738441	VLDB	0.616833	1.000000	0.000000
-9.548585	61.041534	TOIS	0.000000	1.000000	0.886833
29.453510	-17.130632	SIGMOD	1.000000	0.428000	0.000000
-11.055777	65.230309	SIGIR	0.000000	1.000000	0.391000
-5.257628	-31.134115	SIGMOD	1.000000	0.428000	0.000000
6.799592	-37.416336	SIGMOD	1.000000	0.428000	0.000000
-28.708166	-6.695667	ICDE	1.000000	0.882167	0.000000
9.260736	-22.115807	ICDE	1.000000	0.882167	0.000000
11.226152	-39.329094	VLDB	0.616833	1.000000	0.000000
59.101688	9.755264	TKDE	1.000000	0.000000	0.806833
-26.668911	-53.852512	TKDE	1.000000	0.000000	0.806833
-3.981149	5.968345	SIGMOD	1.000000	0.428000	0.000000
7.018370	-23.254314	SIGMOD	1.000000	0.428000	0.000000
-34.312790	21.319937	KDD	0.000000	0.651333	1.000000
-36.775089	14.963010	TKDE	1.000000	0.000000	0.806833
-8.517015	-28.995161	VLDB	0.616833	1.000000	0.000000
8.590018	19.749201	WWW	0.581667	0.000000	1.000000
8.894352	-65.291382	SIGMOD	1.000000	0.428000	0.000000
9.236477	63.739662	SIGIR	0.000000	1.000000	0.391000
32.345612	-54.505745	TKDE	1.000000	0.000000	0.806833
-24.348495	3.630129	TKDE	1.000000	0.000000	0.806833
-10.637952	-26.983353	SIGMOD	1.000000	0.428000	0.000000
9.312678	59.710190	SIGIR	0.000000	1.000000	0.391000
-1.775073	6.201113	WWW	0.581667	0.000000	1.000000
28.963997	-57.971359	SIGMOD	1.000000	0.428000	0.000000
24.212471	-52.756542	SIGMOD	1.000000	0.428000	0.000000
22.881172	10.149946	WWW	0.581667	0.000000	1.000000
8.319600	31.148218	KDD	0.000000	0.651333	1.000000
22.836176	19.582661	WWW	0.581667	0.000000	1.000000
33.170612	7.178453	WWW	0.581667	0.000000	1.000000
-3.154551	70.001823	SIGIR	0.000000	1.000000	0.391000
1.968817	44.888508	WWW	0.581667	0.000000	1.000000
-6.608045	14.856826	KDD	0.000000	0.651333	1.000000
-5.601086	-44.547791	SIGMOD	1.000000	0.428000	0.000000
13.693433	2.465475	WWW	0.581667	0.000000	1.000000
10.987946	2.117807	WWW	0.581667	0.000000	1.000000
47.064175	-25.904419	SIGMOD	1.000000	0.428000	0.000000
-13.075301	39.740505	SIGIR	0.000000	1.000000	0.391000
-7.310088	54.621403	SIGIR	0.000000	1.000000	0.391000
29.298750	-53.012283	SIGMOD	1.000000	0.428000	0.000000
17.774124	-43.920921	ICDE	1.000000	0.882167	0.000000
-9.827119	38.685608	TKDE	1.000000	0.000000	0.806833
-3.274779	-47.529602	SIGMOD	1.000000	0.428000	0.000000
18.775848	-51.845795	SIGMOD	1.000000	0.428000	0.000000
-18.525463	-22.825203	ICDE	1.000000	0.882167	0.000000
37.088001	32.266788	WWW	0.581667	0.000000	1.000000
-15.133715	-45.478413	SIGMOD	1.000000	0.428000	0.000000
28.897833	-46.979279	VLDB	0.616833	1.000000	0.000000
5.199038	-31.174295	SIGMOD	1.000000	0.428000	0.000000
11.544545	-31.577555	SIGMOD	1.000000	0.428000	0.000000
30.164660	28.373459	VLDB	0.616833	1.000000	0.000000
22.092848	27.108486	WWW	0.581667	0.000000	1.000000
32.479168	-38.040871	VLDB	0.616833	1.000000	0.000000
25.935371	25.191273	WWW	0.581667	0.000000	1.000000
34.539295	-26.604736	VLDB	0.616833	1.000000	0.000000
-17.904079	60.219650	SIGIR	0.000000	1.000000	0.391000
49.895355	-20.544577	KDD	0.000000	0.651333	1.000000
34.655582	32.736847	WWW	0.581667	0.000000	1.000000
-50.554787	-7.584189	SIGMOD	1.000000	0.428000	0.000000
11.728954	56.221672	SIGIR	0.000000	1.000000	0.391000
-22.853308	48.861649	KDD	0.000000	0.651333	1.000000
52.118591	-29.022289	ICDE	1.000000	0.882167	0.000000
-13.251527	16.455879	KDD	0.000000	0.651333	1.000000
-12.134305	35.915714	SIGIR	0.000000	1.000000	0.391000
-51.311440	15.702080	KDD	0.000000	0.651333	1.000000
51.600330	-21.039459	TKDE	1.000000	0.000000	0.806833
-2.801966	29.173237	KDD	0.000000	0.651333	1.000000
23.478945	-63.353329	SIGMOD	1.000000	0.428000	0.000000
14.279045	47.137688	SIGIR	0.000000	1.000000	0.391000
-49.278103	17.474388	SIGMOD	1.000000	0.428000	0.000000
17.826214	-11.783722	SIGMOD	1.000000	0.428000	0.000000
2.996144	-28.887712	VLDB	0.616833	1.000000	0.000000
9.090111	-3.687356	SIGMOD	1.000000	0.428000	0.000000
53.511086	-26.878496	KDD	0.000000	0.651333	1.000000
47.851471	-21.351522	VLDB	0.616833	1.000000	0.000000
-47.301502	-7.866777	KDD	0.000000	0.651333	1.000000
32.908127	-24.608931	VLDB	0.616833	1.000000	0.000000
4.630188	38.556812	WWW	0.581667	0.000000	1.000000
0.939468	8.197710	WWW	0.581667	0.000000	1.000000
18.595615	-62.628235	SIGMOD	1.000000	0.428000	0.000000
-29.457321	-19.017372	TKDE	1.000000	0.000000	0.806833
2.404480	36.319019	WWW	0.581667	0.000000	1.000000
0.302881	7.423601	SIGIR	0.000000	1.000000	0.391000
7.661433	-57.862186	SIGMOD	1.000000	0.428000	0.000000
25.905214	35.664646	TKDE	1.000000	0.000000	0.806833
26.481516	52.264713	WWW	0.581667	0.000000	1.000000
3.642747	-11.815931	ICDE	1.000000	0.882167	0.000000
-49.144142	25.903625	KDD	0.000000	0.651333	1.000000
35.053349	-4.384555	KDD	0.000000	0.651333	1.000000
25.195210	-54.585392	TKDE	1.000000	0.000000	0.806833
11.974520	64.871048	SIGIR	0.000000	1.000000	0.391000
-50.817066	-13.461243	VLDB	0.616833	1.000000	0.000000
12.527991	-41.777260	SIGMOD	1.000000	0.428000	0.000000
13.258582	29.264456	VLDB	0.616833	1.000000	0.000000
-6.701643	-23.161180	SIGMOD	1.000000	0.428000	0.000000
-1.218165	33.257015	KDD	0.000000	0.651333	1.000000
-7.845168	20.874319	WWW	0.581667	0.000000	1.000000
24.430773	-20.855143	SIGMOD	1.000000	0.428000	0.000000
-11.441766	32.582680	WWW	0.581667	0.000000	1.000000
-30.612225	48.978687	TKDE	1.000000	0.000000	0.806833
-33.724339	38.435307	TKDE	1.000000	0.000000	0.806833
17.204399	46.583927	WWW	0.581667	0.000000	1.000000
-6.046584	66.827812	TOIS	0.000000	1.000000	0.886833
-41.705246	40.928116	TKDE	1.000000	0.000000	0.806833
28.749754	39.259357	WWW	0.581667	0.000000	1.000000
-30.776632	18.047819	KDD	0.000000	0.651333	1.000000
-38.985138	36.986736	TKDE	1.000000	0.000000	0.806833
31.880579	-7.308704	SIGMOD	1.000000	0.428000	0.000000
-10.104826	-61.574005	TKDE	1.000000	0.000000	0.806833
8.174695	-53.598045	SIGMOD	1.000000	0.428000	0.000000
17.433517	-42.589458	SIGMOD	1.000000	0.428000	0.000000
-14.032651	27.702412	KDD	0.000000	0.651333	1.000000
-23.406778	31.166256	KDD	0.000000	0.651333	1.000000
17.794304	-56.957352	VLDB	0.616833	1.000000	0.000000
-0.950003	-72.968513	VLDB	0.616833	1.000000	0.000000
-37.770985	-9.861654	TKDE	1.000000	0.000000	0.806833
33.916565	-47.969616	VLDB	0.616833	1.000000	0.000000
-6.123479	29.187490	KDD	0.000000	0.651333	1.000000
46.168701	20.652952	WWW	0.581667	0.000000	1.000000
30.820574	14.857285	WWW	0.581667	0.000000	1.000000
-28.425554	49.825588	TKDE	1.000000	0.000000	0.806833
-9.543049	27.294724	KDD	0.000000	0.651333	1.000000
-36.810028	30.110987	KDD	0.000000	0.651333	1.000000
-5.355733	-32.701286	SIGMOD	1.000000	0.428000	0.000000
-29.392635	49.878952	TKDE	1.000000	0.000000	0.806833
10.930557	22.398022	WWW	0.581667	0.000000	1.000000
-25.632933	-5.834462	ICDE	1.000000	0.882167	0.000000
35.606224	-49.490520	ICDE	1.000000	0.882167	0.000000
-29.307110	25.644764	KDD	0.000000	0.651333	1.000000
12.643027	65.055061	SIGIR	0.000000	1.000000	0.391000
-12.521893	37.630730	SIGIR	0.000000	1.000000	0.391000
4.815098	-75.252838	ICDE	1.000000	0.882167	0.000000
-18.618069	27.542919	KDD	0.000000	0.651333	1.000000
-43.051155	42.434666	TKDE	1.000000	0.000000	0.806833
-38.421234	40.365040	TKDE	1.000000	0.000000	0.806833
29.752048	-40.779213	VLDB	0.616833	1.000000	0.000000
-39.247150	48.729412	KDD	0.000000	0.651333	1.000000
1.399699	-19.439241	SIGMOD	1.000000	0.428000	0.000000
-34.131138	-1.781011	KDD	0.000000	0.651333	1.000000
-42.678101	18.745804	KDD	0.000000	0.651333	1.000000
19.125774	-60.361755	SIGMOD	1.000000	0.428000	0.000000
0.959585	-19.520342	VLDB	0.616833	1.000000	0.000000
55.914780	6.149544	TKDE	1.000000	0.000000	0.806833
48.628521	-24.103802	SIGMOD	1.000000	0.428000	0.000000
24.367887	-43.494614	SIGMOD	1.000000	0.428000	0.000000
35.355011	33.493866	WWW	0.581667	0.000000	1.000000
6.195930	-18.841269	SIGMOD	1.000000	0.428000	0.000000
-7.573229	-38.578560	SIGMOD	1.000000	0.428000	0.000000
-32.609612	-18.826267	TKDE	1.000000	0.000000	0.806833
-10.466070	-33.594139	SIGMOD	1.000000	0.428000	0.000000
-7.113995	-14.077298	VLDB	0.616833	1.000000	0.000000
5.524757	-62.420784	TODS	1.000000	0.000000	0.366667
0.814845	43.905968	WWW	0.581667	0.000000	1.000000
-37.017853	34.340794	KDD	0.000000	0.651333	1.000000
-44.413540	5.335233	KDD	0.000000	0.651333	1.000000
27.308868	22.793648	WWW	0.581667	0.000000	1.000000
-35.543697	15.126709	TKDE	1.000000	0.000000	0.806833
-11.935636	-13.038177	SIGMOD	1.000000	0.428000	0.000000
-53.237736	19.544840	VLDB	0.616833	1.000000	0.000000
34.783306	4.890952	WWW	0.581667	0.000000	1.000000
-41.429958	-9.732155	SIGMOD	1.000000	0.428000	0.000000
41.557613	39.386967	TKDE	1.000000	0.000000	0.806833
25.451927	54.643532	TOIS	0.000000	1.000000	0.886833
8.431016	-2.006952	ICDE	1.000000	0.882167	0.000000
0.229057	20.709259	WWW	0.581667	0.000000	1.000000
24.103331	-27.273460	TKDE	1.000000	0.000000	0.806833
10.534252	57.259212	SIGIR	0.000000	1.000000	0.391000
-34.756523	-0.181975	KDD	0.000000	0.651333	1.000000
47.992420	-25.404734	VLDB	0.616833	1.000000	0.000000
-12.184408	-48.062969	SIGMOD	1.000000	0.428000	0.000000
4.108385	15.877611	KDD	0.000000	0.651333	1.000000
-12.170410	19.891571	KDD	0.000000	0.651333	1.000000
-27.901659	-2.824057	KDD	0.000000	0.651333	1.000000
10.414001	41.301678	SIGIR	0.000000	1.000000	0.391000
27.410200	-37.933266	SIGMOD	1.000000	0.428000	0.000000
-5.288060	-64.444504	SIGMOD	1.000000	0.428000	0.000000
3.433013	51.111488	SIGIR	0.000000	1.000000	0.391000
12.792144	18.432787	WWW	0.581667	0.000000	1.000000
-5.073982	-58.021652	VLDB	0.616833	1.000000	0.000000
34.147984	-25.630981	ICDE	1.000000	0.882167	0.000000
-8.755500	42.541615	WWW	0.581667	0.000000	1.000000
-38.155521	-8.492052	TKDE	1.000000	0.000000	0.806833
-0.438854	2.139783	SIGMOD	1.000000	0.428000	0.000000
-35.028160	39.114662	TKDE	1.000000	0.000000	0.806833
-21.269913	47.966797	KDD	0.000000	0.651333	1.000000
3.439509	-40.779987	TODS	1.000000	0.000000	0.366667
16.826164	24.960056	WWW	0.581667	0.000000	1.000000
-6.355340	-45.404800	SIGMOD	1.000000	0.428000	0.000000
20.990870	39.243145	WWW	0.581667	0.000000	1.000000
9.574324	45.285843	SIGIR	0.000000	1.000000	0.391000
43.243271	23.316498	WWW	0.581667	0.000000	1.000000
-1.142603	-55.746513	SIGMOD	1.000000	0.428000	0.000000
-1.655458	-59.865772	SIGMOD	1.000000	0.428000	0.000000
9.974886	13.090158	WWW	0.581667	0.000000	1.000000
7.413293	47.941536	SIGIR	0.000000	1.000000	0.391000
12.735616	53.949032	SIGIR	0.000000	1.000000	0.391000
-14.876786	-56.351116	VLDB	0.616833	1.000000	0.000000
27.961491	-35.821712	ICDE	1.000000	0.882167	0.000000
-14.489180	-59.852459	VLDB	0.616833	1.000000	0.000000
14.869896	39.701077	SIGIR	0.000000	1.000000	0.391000
16.637451	51.946785	SIGIR	0.000000	1.000000	0.391000
27.942421	39.802036	TKDE	1.000000	0.000000	0.806833
-39.331928	49.261696	KDD	0.000000	0.651333	1.000000
11.851262	58.280788	SIGIR	0.000000	1.000000	0.391000
-38.139977	32.661423	KDD	0.000000	0.651333	1.000000
23.880564	-13.516904	VLDB	0.616833	1.000000	0.000000
26.368296	49.557865	KDD	0.000000	0.651333	1.000000
-6.425116	30.477890	KDD	0.000000	0.651333	1.000000
11.662374	-43.204868	SIGMOD	1.000000	0.428000	0.000000
13.429355	-30.735968	SIGMOD	1.000000	0.428000	0.000000
-17.443964	37.191708	KDD	0.000000	0.651333	1.000000
-28.944891	23.638922	VLDB	0.616833	1.000000	0.000000
-6.906027	43.970425	WWW	0.581667	0.000000	1.000000
-30.492105	3.240618	TKDE	1.000000	0.000000	0.806833
6.510483	-24.173616	TKDE	1.000000	0.000000	0.806833
17.858898	-29.682234	SIGMOD	1.000000	0.428000	0.000000
7.713352	-0.617516	TKDE	1.000000	0.000000	0.806833
20.225218	-47.629147	TKDE	1.000000	0.000000	0.806833
50.177879	-24.227974	TKDE	1.000000	0.000000	0.806833
28.011551	28.945953	WWW	0.581667	0.000000	1.000000
28.878302	53.425049	TKDE	1.000000	0.000000	0.806833
34.518364	16.413221	WWW	0.581667	0.000000	1.000000
-8.365651	-29.663597	VLDB	0.616833	1.000000	0.000000
-31.350285	-8.360541	ICDE	1.000000	0.882167	0.000000
20.741610	14.172218	WWW	0.581667	0.000000	1.000000
4.660182	45.248070	KDD	0.000000	0.651333	1.000000
14.569872	13.605010	ICDE	1.000000	0.882167	0.000000
11.621352	-65.815025	TODS	1.000000	0.000000	0.366667
48.133270	-11.482670	TKDE	1.000000	0.000000	0.806833
-37.620071	27.089190	KDD	0.000000	0.651333	1.000000
25.748978	-27.951620	ICDE	1.000000	0.882167	0.000000
53.806416	7.219241	TKDE	1.000000	0.000000	0.806833
14.422354	-49.125038	VLDB	0.616833	1.000000	0.000000
-15.434776	-46.664703	SIGMOD	1.000000	0.428000	0.000000
-0.414177	66.118507	SIGIR	0.000000	1.000000	0.391000
-3.907806	-57.159698	SIGMOD	1.000000	0.428000	0.000000
-10.788108	-13.842568	SIGMOD	1.000000	0.428000	0.000000
5.787847	25.096659	WWW	0.581667	0.000000	1.000000
-23.878717	39.508057	KDD	0.000000	0.651333	1.000000
-22.163874	11.739762	TKDE	1.000000	0.000000	0.806833
0.789628	-56.129559	SIGMOD	1.000000	0.428000	0.000000
12.874132	45.769062	TOIS	0.000000	1.000000	0.886833
1.871391	-9.292904	TKDE	1.000000	0.000000	0.806833
11.889522	-21.911716	SIGMOD	1.000000	0.428000	0.000000
14.657710	20.046740	WWW	0.581667	0.000000	1.000000
29.984638	27.152163	VLDB	0.616833	1.000000	0.000000
-1.117266	-0.603758	VLDB	0.616833	1.000000	0.000000
-37.658257	-13.420642	TKDE	1.000000	0.000000	0.806833
17.405294	30.756020	SIGIR	0.000000	1.000000	0.391000
-43.886803	14.771953	VLDB	0.616833	1.000000	0.000000
24.947922	52.361019	SIGIR	0.000000	1.000000	0.391000
56.865417	10.411177	TKDE	1.000000	0.000000	0.806833
-6.902863	-6.089111	TKDE	1.000000	0.000000	0.806833
40.828579	20.771544	WWW	0.581667	0.000000	1.000000
-1.399313	69.894096	SIGIR	0.000000	1.000000	0.391000
-36.966709	-13.431262	TKDE	1.000000	0.000000	0.806833
9.810003	-35.909065	SIGMOD	1.000000	0.428000	0.000000
-23.782337	42.909340	KDD	0.000000	0.651333	1.000000
-21.386992	22.185137	KDD	0.000000	0.651333	1.000000
-6.858291	-43.042061	SIGMOD	1.000000	0.428000	0.000000
12.004831	-55.377666	VLDB	0.616833	1.000000	0.000000
3.245543	62.205860	SIGIR	0.000000	1.000000	0.391000
-38.718967	-15.066369	KDD	0.000000	0.651333	1.000000
-2.482896	20.307449	WWW	0.581667	0.000000	1.000000
7.977284	63.821526	SIGIR	0.000000	1.000000	0.391000
-16.387848	15.687613	KDD	0.000000	0.651333	1.000000
-6.769559	-61.801380	SIGMOD	1.000000	0.428000	0.000000
-28.351042	-9.988736	ICDE	1.000000	0.882167	0.000000
24.229513	-31.248344	VLDB	0.616833	1.000000	0.000000
13.847113	-36.026329	VLDB	0.616833	1.000000	0.000000
-5.434816	63.309017	SIGIR	0.000000	1.000000	0.391000
-9.871037	44.145027	SIGIR	0.000000	1.000000	0.391000
-11.129876	-43.104645	SIGMOD	1.000000	0.428000	0.000000
-2.331716	65.331596	SIGIR	0.000000	1.000000	0.391000
-13.343891	-40.104656	VLDB	0.616833	1.000000	0.000000
25.600094	28.190813	WWW	0.581667	0.000000	1.000000
41.619400	46.776398	TKDE	1.000000	0.000000	0.806833
-2.840127	-20.118637	VLDB	0.616833	1.000000	0.000000
-1.261164	57.329273	SIGIR	0.000000	1.000000	0.391000
-12.797935	-29.540575	VLDB	0.616833	1.000000	0.000000
13.368515	49.226543	SIGIR	0.000000	1.000000	0.391000
11.102956	-10.312334	VLDB	0.616833	1.000000	0.000000
-32.812721	18.155382	KDD	0.000000	0.651333	1.000000
12.532308	18.966259	WWW	0.581667	0.000000	1.000000
1.639897	-45.609276	VLDB	0.616833	1.000000	0.000000
5.044446	-7.223897	VLDB	0.616833	1.000000	0.000000
-44.997913	-4.910528	KDD	0.000000	0.651333	1.000000
-24.413229	14.757504	KDD	0.000000	0.651333	1.000000
3.258703	-60.519535	SIGMOD	1.000000	0.428000	0.000000
44.127022	-49.096420	KDD	0.000000	0.651333	1.000000
11.799443	10.133252	SIGMOD	1.000000	0.428000	0.000000
-32.819279	34.674217	KDD	0.000000	0.651333	1.000000
8.622072	-53.387566	SIGMOD	1.000000	0.428000	0.000000
-48.856899	-9.688110	SIGMOD	1.000000	0.428000	0.000000
12.387825	-36.123684	VLDB	0.616833	1.000000	0.000000
-10.340657	-31.187872	VLDB	0.616833	1.000000	0.000000
25.678444	-48.748890	VLDB	0.616833	1.000000	0.000000
30.797615	25.828888	VLDB	0.616833	1.000000	0.000000
57.497066	7.751781	TKDE	1.000000	0.000000	0.806833
-10.405943	-49.569016	SIGMOD	1.000000	0.428000	0.000000
-48.692390	0.545949	KDD	0.000000	0.651333	1.000000
-45.945038	-3.482678	KDD	0.000000	0.651333	1.000000
-33.993134	-9.518696	ICDE	1.000000	0.882167	0.000000
46.176552	5.538466	WWW	0.581667	0.000000	1.000000
-5.896606	-32.107384	SIGMOD	1.000000	0.428000	0.000000
34.834095	25.800016	WWW	0.581667	0.000000	1.000000
-32.406971	45.181644	TKDE	1.000000	0.000000	0.806833
-15.047362	-57.991325	VLDB	0.616833	1.000000	0.000000
-16.374207	24.700624	KDD	0.000000	0.651333	1.000000
-29.073723	-34.177555	SIGMOD	1.000000	0.428000	0.000000
-37.654423	-6.101984	TKDE	1.000000	0.000000	0.806833
-24.747055	-39.462036	VLDB	0.616833	1.000000	0.000000
-18.207611	28.180281	SIGMOD	1.000000	0.428000	0.000000
-21.939156	30.991711	KDD	0.000000	0.651333	1.000000
-19.061068	33.060978	WWW	0.581667	0.000000	1.000000
-15.608014	39.737522	KDD	0.000000	0.651333	1.000000
20.020662	-23.263109	VLDB	0.616833	1.000000	0.000000
29.648106	21.200666	WWW	0.581667	0.000000	1.000000
-26.052692	-39.312527	VLDB	0.616833	1.000000	0.000000
-18.438400	-70.607498	TKDE	1.000000	0.000000	0.806833
-10.494303	-12.628572	SIGMOD	1.000000	0.428000	0.000000
24.343363	-44.157104	SIGMOD	1.000000	0.428000	0.000000
50.622143	-22.309668	ICDE	1.000000	0.882167	0.000000
19.107016	38.699394	KDD	0.000000	0.651333	1.000000
-13.521502	65.524559	TOIS	0.000000	1.000000	0.886833
3.050646	59.228767	SIGIR	0.000000	1.000000	0.391000
-43.732315	-20.011339	KDD	0.000000	0.651333	1.000000
-8.879078	64.097565	SIGIR	0.000000	1.000000	0.391000
-42.126286	-7.615162	VLDB	0.616833	1.000000	0.000000
-4.110152	1.174556	TKDE	1.000000	0.000000	0.806833
-18.069199	-37.432331	VLDB	0.616833	1.000000	0.000000
-0.577050	-48.048378	SIGMOD	1.000000	0.428000	0.000000
19.673111	42.253395	WWW	0.581667	0.000000	1.000000
-26.475187	20.989155	VLDB	0.616833	1.000000	0.000000
29.120178	-33.582638	SIGMOD	1.000000	0.428000	0.000000
9.869062	39.759418	WWW	0.581667	0.000000	1.000000
-32.612812	-0.488224	KDD	0.000000	0.651333	1.000000
-25.148415	39.783592	KDD	0.000000	0.651333	1.000000
-24.353933	-53.821316	VLDB	0.616833	1.000000	0.000000
-6.053653	-52.460453	SIGMOD	1.000000	0.428000	0.000000
38.542236	5.387742	WWW	0.581667	0.000000	1.000000
-47.941181	34.186916	SIGMOD	1.000000	0.428000	0.000000
11.745642	-33.750851	SIGMOD	1.000000	0.428000	0.000000
1.578284	-31.805347	VLDB	0.616833	1.000000	0.000000
-11.985558	-65.329102	TKDE	1.000000	0.000000	0.806833
-51.165462	-11.135380	TKDE	1.000000	0.000000	0.806833
-30.423212	27.314184	KDD	0.000000	0.651333	1.000000
55.924923	4.034225	TKDE	1.000000	0.000000	0.806833
-18.751829	-63.504284	ICDE	1.000000	0.882167	0.000000
18.239584	-23.818348	ICDE	1.000000	0.882167	0.000000
12.188288	50.899075	KDD	0.000000	0.651333	1.000000
23.030128	-29.483391	VLDB	0.616833	1.000000	0.000000
-20.846735	-35.256035	VLDB	0.616833	1.000000	0.000000
-42.583935	45.923477	KDD	0.000000	0.651333	1.000000
11.501817	-4.301108	SIGMOD	1.000000	0.428000	0.000000
-24.105158	47.524273	KDD	0.000000	0.651333	1.000000
6.052860	56.668381	SIGIR	0.000000	1.000000	0.391000
-7.339918	42.695995	WWW	0.581667	0.000000	1.000000
-53.932613	-8.650724	TKDE	1.000000	0.000000	0.806833
24.277758	55.752350	WWW	0.581667	0.000000	1.000000
-2.155961	33.908291	WWW	0.581667	0.000000	1.000000
-44.600548	34.403023	KDD	0.000000	0.651333	1.000000
0.396139	-1.972988	VLDB	0.616833	1.000000	0.000000
13.134318	-76.894470	SIGMOD	1.000000	0.428000	0.000000
13.433307	-47.175919	VLDB	0.616833	1.000000	0.000000
20.727091	46.842773	WWW	0.581667	0.000000	1.000000
-11.237021	-41.803638	SIGMOD	1.000000	0.428000	0.000000
10.025926	9.137596	VLDB	0.616833	1.000000	0.000000
-10.735748	43.648304	SIGIR	0.000000	1.000000	0.391000
-11.805366	-62.249596	TKDE	1.000000	0.000000	0.806833
3.938525	-29.041254	VLDB	0.616833	1.000000	0.000000
-44.360382	17.587015	TKDE	1.000000	0.000000	0.806833
-41.271309	39.073181	TKDE	1.000000	0.000000	0.806833
-6.247327	-67.493736	ICDE	1.000000	0.882167	0.000000
38.577354	8.049537	WWW	0.581667	0.000000	1.000000
-28.292093	-37.856407	SIGMOD	1.000000	0.428000	0.000000
-42.964260	29.907955	KDD	0.000000	0.651333	1.000000
25.686762	-26.826326	ICDE	1.000000	0.882167	0.000000
6.874727	-58.337414	SIGMOD	1.000000	0.428000	0.000000
-53.877285	-11.440205	VLDB	0.616833	1.000000	0.000000
-44.566097	22.271542	KDD	0.000000	0.651333	1.000000
40.997597	16.516850	WWW	0.581667	0.000000	1.000000
32.366150	-29.345381	SIGMOD	1.000000	0.428000	0.000000
12.256012	42.394447	SIGIR	0.000000	1.000000	0.391000
29.801323	-48.256092	VLDB	0.616833	1.000000	0.000000
3.472028	-51.547764	SIGMOD	1.000000	0.428000	0.000000
12.502484	-76.844826	SIGMOD	1.000000	0.428000	0.000000
6.921305	-47.177261	SIGMOD	1.000000	0.428000	0.000000
15.341757	-27.120804	SIGMOD	1.000000	0.428000	0.000000
13.446598	-0.716906	WWW	0.581667	0.000000	1.000000
-15.661100	36.222183	KDD	0.000000	0.651333	1.000000
-44.715256	30.467939	KDD	0.000000	0.651333	1.000000
38.871635	-49.943981	KDD	0.000000	0.651333	1.000000
25.036833	63.274075	TOIS	0.000000	1.000000	0.886833
39.422462	37.194561	TKDE	1.000000	0.000000	0.806833
-42.278744	-13.068987	VLDB	0.616833	1.000000	0.000000
7.994022	-8.515897	SIGMOD	1.000000	0.428000	0.000000
-34.536224	8.737999	KDD	0.000000	0.651333	1.000000
44.552105	3.561155	WWW	0.581667	0.000000	1.000000
-42.015224	-4.849235	SIGMOD	1.000000	0.428000	0.000000
29.111740	-38.863564	VLDB	0.616833	1.000000	0.000000
15.739060	9.583717	VLDB	0.616833	1.000000	0.000000
45.843586	17.051868	WWW	0.581667	0.000000	1.000000
-45.160934	-16.572901	VLDB	0.616833	1.000000	0.000000
29.223063	-36.824337	ICDE	1.000000	0.882167	0.000000
21.423079	-38.822567	SIGMOD	1.000000	0.428000	0.000000
-47.708618	15.616089	SIGMOD	1.000000	0.428000	0.000000
24.840710	31.683722	WWW	0.581667	0.000000	1.000000
-40.263920	-11.579499	TKDE	1.000000	0.000000	0.806833
-12.215370	-24.551912	VLDB	0.616833	1.000000	0.000000
33.562691	6.680124	WWW	0.581667	0.000000	1.000000
-12.298413	-14.635837	SIGMOD	1.000000	0.428000	0.000000
-12.994997	7.331046	TKDE	1.000000	0.000000	0.806833
20.749866	19.865685	WWW	0.581667	0.000000	1.000000
-21.414242	-34.465405	VLDB	0.616833	1.000000	0.000000
4.319468	-37.247913	SIGMOD	1.000000	0.428000	0.000000
-42.706245	4.368147	KDD	0.000000	0.651333	1.000000
8.631973	40.452595	WWW	0.581667	0.000000	1.000000
7.387183	20.183142	WWW	0.581667	0.000000	1.000000
-9.971897	-16.826828	VLDB	0.616833	1.000000	0.000000
11.218790	19.695532	WWW	0.581667	0.000000	1.000000
59.237568	6.341514	TKDE	1.000000	0.000000	0.806833
38.777306	-47.942219	TODS	1.000000	0.000000	0.366667
5.774216	-47.487019	SIGMOD	1.000000	0.428000	0.000000
-28.175327	39.037231	KDD	0.000000	0.651333	1.000000
-41.858200	3.008899	TKDE	1.000000	0.000000	0.806833
-51.580299	7.446899	ICDE	1.000000	0.882167	0.000000
25.399353	-8.817895	SIGMOD	1.000000	0.428000	0.000000
-9.323339	-14.794182	VLDB	0.616833	1.000000	0.000000
1.534858	-31.043718	ICDE	1.000000	0.882167	0.000000
-2.650270	-65.474754	SIGMOD	1.000000	0.428000	0.000000
-3.142525	-62.334587	SIGMOD	1.000000	0.428000	0.000000
-10.460888	-32.804092	SIGMOD	1.000000	0.428000	0.000000
11.079343	-2.292357	VLDB	0.616833	1.000000	0.000000
-47.230442	3.059942	KDD	0.000000	0.651333	1.000000
9.826410	-31.698326	ICDE	1.000000	0.882167	0.000000
13.898616	-39.371071	SIGMOD	1.000000	0.428000	0.000000
-0.972218	42.759686	WWW	0.581667	0.000000	1.000000
-11.954000	62.153278	TOIS	0.000000	1.000000	0.886833
-10.374964	-50.350662	SIGMOD	1.000000	0.428000	0.000000
3.123696	-70.814316	SIGMOD	1.000000	0.428000	0.000000
-39.395798	13.567383	TKDE	1.000000	0.000000	0.806833
-16.484131	-64.702141	ICDE	1.000000	0.882167	0.000000
6.084503	-36.188335	SIGMOD	1.000000	0.428000	0.000000
30.409534	33.986290	WWW	0.581667	0.000000	1.000000
-18.493835	-22.099760	ICDE	1.000000	0.882167	0.000000
20.228260	-35.781620	VLDB	0.616833	1.000000	0.000000
-3.575968	22.327684	WWW	0.581667	0.000000	1.000000
-14.808682	-68.066658	TKDE	1.000000	0.000000	0.806833
13.281693	37.780231	SIGIR	0.000000	1.000000	0.391000
-10.750587	-15.654037	SIGMOD	1.000000	0.428000	0.000000
-15.286579	-30.710611	VLDB	0.616833	1.000000	0.000000
-11.962276	5.329227	TKDE	1.000000	0.000000	0.806833
-54.135071	10.471455	VLDB	0.616833	1.000000	0.000000
-14.862522	-30.009115	VLDB	0.616833	1.000000	0.000000
-26.429459	-41.408405	VLDB	0.616833	1.000000	0.000000
32.885582	-59.137409	SIGMOD	1.000000	0.428000	0.000000
38.620621	5.901063	WWW	0.581667	0.000000	1.000000
27.304453	-59.476673	VLDB	0.616833	1.000000	0.000000
-5.651638	61.874016	SIGIR	0.000000	1.000000	0.391000
33.856586	-28.381065	SIGMOD	1.000000	0.428000	0.000000
-38.061546	31.894768	KDD	0.000000	0.651333	1.000000
-4.176903	35.182346	WWW	0.581667	0.000000	1.000000
-6.045261	-48.535057	SIGMOD	1.000000	0.428000	0.000000
46.817654	-22.771025	SIGMOD	1.000000	0.428000	0.000000
1.572826	-73.126907	VLDB	0.616833	1.000000	0.000000
8.206923	58.201717	SIGIR	0.000000	1.000000	0.391000
19.662918	-16.171623	ICDE	1.000000	0.882167	0.000000
-28.259270	32.069321	KDD	0.000000	0.651333	1.000000
-15.886676	-43.680084	SIGMOD	1.000000	0.428000	0.000000
-3.528338	-54.094078	SIGMOD	1.000000	0.428000	0.000000
9.626538	-10.498651	VLDB	0.616833	1.000000	0.000000
33.221764	22.644165	WWW	0.581667	0.000000	1.000000
-31.283634	26.007780	KDD	0.000000	0.651333	1.000000
13.779344	36.051796	SIGIR	0.000000	1.000000	0.391000
-30.911068	33.364151	KDD	0.000000	0.651333	1.000000
11.209902	-44.558842	SIGMOD	1.000000	0.428000	0.000000
22.498135	40.903225	WWW	0.581667	0.000000	1.000000
-21.731367	-68.687912	VLDB	0.616833	1.000000	0.000000
23.039051	-68.199974	SIGMOD	1.000000	0.428000	0.000000
11.042129	-28.135387	VLDB	0.616833	1.000000	0.000000
29.152643	-1.168582	SIGMOD	1.000000	0.428000	0.000000
-38.650215	1.766263	KDD	0.000000	0.651333	1.000000
8.535518	-40.923164	VLDB	0.616833	1.000000	0.000000
2.164721	55.873341	SIGIR	0.000000	1.000000	0.391000
46.279617	-28.615768	VLDB	0.616833	1.000000	0.000000
21.155783	13.909303	WWW	0.581667	0.000000	1.000000
17.274778	28.139759	WWW	0.581667	0.000000	1.000000
-5.111917	41.339951	KDD	0.000000	0.651333	1.000000
-6.436655	20.057911	WWW	0.581667	0.000000	1.000000
-14.901939	-41.150513	VLDB	0.616833	1.000000	0.000000
10.682048	36.228085	WWW	0.581667	0.000000	1.000000
-40.676270	39.573292	TKDE	1.000000	0.000000	0.806833
25.111959	61.668171	TOIS	0.000000	1.000000	0.886833
7.892486	-6.332640	SIGMOD	1.000000	0.428000	0.000000
15.657773	-55.682762	VLDB	0.616833	1.000000	0.000000
-2.540757	1.831319	ICDE	1.000000	0.882167	0.000000
-14.361556	-40.443913	VLDB	0.616833	1.000000	0.000000
-1.197119	-53.315845	SIGMOD	1.000000	0.428000	0.000000
-11.441244	-23.538059	VLDB	0.616833	1.000000	0.000000
11.965384	-50.037254	SIGMOD	1.000000	0.428000	0.000000
28.824047	-54.935970	VLDB	0.616833	1.000000	0.000000
7.368684	66.547028	SIGIR	0.000000	1.000000	0.391000
7.960246	-30.513781	ICDE	1.000000	0.882167	0.000000
10.218907	-70.654564	VLDB	0.616833	1.000000	0.000000
30.624115	-36.824829	VLDB	0.616833	1.000000	0.000000
6.664000	-22.208845	VLDB	0.616833	1.000000	0.000000
13.311335	-56.187508	SIGMOD	1.000000	0.428000	0.000000
40.612923	18.161390	WWW	0.581667	0.000000	1.000000
5.911886	13.663374	TKDE	1.000000	0.000000	0.806833
-10.237720	68.073799	SIGIR	0.000000	1.000000	0.391000
8.038486	-34.948559	SIGMOD	1.000000	0.428000	0.000000
-27.251057	-4.212012	TKDE	1.000000	0.000000	0.806833
-7.617640	72.196289	SIGIR	0.000000	1.000000	0.391000
-5.473505	-39.239655	SIGMOD	1.000000	0.428000	0.000000
26.292253	62.284153	TOIS	0.000000	1.000000	0.886833
-29.325455	-32.579906	TKDE	1.000000	0.000000	0.806833
39.406673	-43.995026	VLDB	0.616833	1.000000	0.000000
22.013733	1.537178	TKDE	1.000000	0.000000	0.806833
-8.247461	65.894775	SIGIR	0.000000	1.000000	0.391000
24.172638	10.060295	WWW	0.581667	0.000000	1.000000
-26.260252	3.251749	TKDE	1.000000	0.000000	0.806833
28.124050	-61.753082	ICDE	1.000000	0.882167	0.000000
21.091530	-10.371039	VLDB	0.616833	1.000000	0.000000
-11.020020	3.479525	TKDE	1.000000	0.000000	0.806833
-14.782810	23.938147	KDD	0.000000	0.651333	1.000000
7.454765	8.638822	ICDE	1.000000	0.882167	0.000000
12.410910	48.597698	SIGIR	0.000000	1.000000	0.391000
-8.231461	17.701181	WWW	0.581667	0.000000	1.000000
31.144623	29.007999	WWW	0.581667	0.000000	1.000000
7.635274	40.883938	WWW	0.581667	0.000000	1.000000
-45.853764	-10.939591	VLDB	0.616833	1.000000	0.000000
47.314709	6.161057	WWW	0.581667	0.000000	1.000000
0.407551	0.164108	VLDB	0.616833	1.000000	0.000000
-2.128844	-66.447357	SIGMOD	1.000000	0.428000	0.000000
46.107498	-15.627852	SIGMOD	1.000000	0.428000	0.000000
40.536877	14.392980	WWW	0.581667	0.000000	1.000000
-18.397284	-55.977108	VLDB	0.616833	1.000000	0.000000
0.393595	-33.030880	SIGMOD	1.000000	0.428000	0.000000
24.554209	-12.293095	VLDB	0.616833	1.000000	0.000000
36.260101	17.704279	WWW	0.581667	0.000000	1.000000
-43.782330	42.119053	TKDE	1.000000	0.000000	0.806833
-6.678755	-75.783295	SIGMOD	1.000000	0.428000	0.000000
-25.563641	-33.788391	ICDE	1.000000	0.882167	0.000000
50.016167	34.983841	TKDE	1.000000	0.000000	0.806833
-13.163692	56.078049	SIGIR	0.000000	1.000000	0.391000
2.386687	-26.069420	VLDB	0.616833	1.000000	0.000000
-14.336138	65.368935	TOIS	0.000000	1.000000	0.886833
-14.906964	34.610859	KDD	0.000000	0.651333	1.000000
54.492947	5.420301	TKDE	1.000000	0.000000	0.806833
-0.483987	-41.941269	TKDE	1.000000	0.000000	0.806833
-12.754401	24.898985	KDD	0.000000	0.651333	1.000000
48.057526	6.879437	WWW	0.581667	0.000000	1.000000
13.650954	-6.063726	SIGMOD	1.000000	0.428000	0.000000
50.033516	-35.019539	TKDE	1.000000	0.000000	0.806833
21.993628	-64.497635	SIGMOD	1.000000	0.428000	0.000000
-29.331995	0.615025	KDD	0.000000	0.651333	1.000000
17.653681	-61.456932	TODS	1.000000	0.000000	0.366667
4.686000	68.625076	SIGIR	0.000000	1.000000	0.391000
21.380655	-60.564766	SIGMOD	1.000000	0.428000	0.000000
-0.678226	26.297020	WWW	0.581667	0.000000	1.000000
-39.396286	45.225246	TKDE	1.000000	0.000000	0.806833
-18.255947	19.848927	KDD	0.000000	0.651333	1.000000
-10.695373	-22.787174	SIGMOD	1.000000	0.428000	0.000000
-13.695590	-61.131432	TKDE	1.000000	0.000000	0.806833
15.687606	-35.811691	SIGMOD	1.000000	0.428000	0.000000
5.556054	66.730675	SIGIR	0.000000	1.000000	0.391000
17.249540	-57.768879	SIGMOD	1.000000	0.428000	0.000000
22.695562	-67.081917	SIGMOD	1.000000	0.428000	0.000000
-8.641222	69.002312	TOIS	0.000000	1.000000	0.886833
-28.271475	-40.727112	VLDB	0.616833	1.000000	0.000000
23.366941	2.192137	TKDE	1.000000	0.000000	0.806833
-18.802637	5.982055	SIGMOD	1.000000	0.428000	0.000000
40.744186	-48.916695	KDD	0.000000	0.651333	1.000000
-8.130092	72.711838	SIGIR	0.000000	1.000000	0.391000
55.797661	8.145819	TKDE	1.000000	0.000000	0.806833
-2.021020	27.496408	WWW	0.581667	0.000000	1.000000
2.843194	-7.830363	WWW	0.581667	0.000000	1.000000
-52.354057	17.290289	VLDB	0.616833	1.000000	0.000000
-8.291865	22.357803	WWW	0.581667	0.000000	1.000000
8.794938	-27.740269	VLDB	0.616833	1.000000	0.000000
-12.863988	-47.095436	SIGMOD	1.000000	0.428000	0.000000
12.827735	56.317738	SIGIR	0.000000	1.000000	0.391000
4.512316	63.191418	SIGIR	0.000000	1.000000	0.391000
-12.507628	40.426296	SIGIR	0.000000	1.000000	0.391000
-37.751400	26.121479	KDD	0.000000	0.651333	1.000000
24.258692	33.200783	WWW	0.581667	0.000000	1.000000
-5.558430	-65.565140	SIGMOD	1.000000	0.428000	0.000000
-5.568037	-76.690002	SIGMOD	1.000000	0.428000	0.000000
5.978666	-20.235228	ICDE	1.000000	0.882167	0.000000
14.836481	12.302143	VLDB	0.616833	1.000000	0.000000
51.473179	35.322098	TKDE	1.000000	0.000000	0.806833
-21.870371	-31.672531	VLDB	0.616833	1.000000	0.000000
-9.978342	23.492472	KDD	0.000000	0.651333	1.000000
3.421256	15.812661	KDD	0.000000	0.651333	1.000000
-16.433777	18.037966	KDD	0.000000	0.651333	1.000000
27.694441	-42.299042	SIGMOD	1.000000	0.428000	0.000000
-5.380352	19.869341	KDD	0.000000	0.651333	1.000000
5.647297	-31.074745	TODS	1.000000	0.000000	0.366667
-34.284721	3.437296	KDD	0.000000	0.651333	1.000000
-22.086992	25.591356	TKDE	1.000000	0.000000	0.806833
14.802171	1.153173	VLDB	0.616833	1.000000	0.000000
32.041618	-28.674051	SIGMOD	1.000000	0.428000	0.000000
-24.139618	50.330761	SIGIR	0.000000	1.000000	0.391000
22.068611	11.758578	WWW	0.581667	0.000000	1.000000
-27.289988	-5.404808	ICDE	1.000000	0.882167	0.000000
-17.998171	19.404022	KDD	0.000000	0.651333	1.000000
27.729580	22.599497	WWW	0.581667	0.000000	1.000000
-9.303938	-26.781456	SIGMOD	1.000000	0.428000	0.000000
23.807219	26.339264	WWW	0.581667	0.000000	1.000000
21.070351	26.903652	WWW	0.581667	0.000000	1.000000
31.282478	-58.039322	SIGMOD	1.000000	0.428000	0.000000
-40.040752	11.982603	ICDE	1.000000	0.882167	0.000000
-32.792427	44.610897	TKDE	1.000000	0.000000	0.806833
-6.417162	-75.427155	SIGMOD	1.000000	0.428000	0.000000
9.277161	31.437586	WWW	0.581667	0.000000	1.000000
0.238801	-62.028828	SIGMOD	1.000000	0.428000	0.000000
-46.284615	32.261246	KDD	0.000000	0.651333	1.000000
