10.259146	48.383991	ICDE	1.000000	0.882167	0.000000
-26.170523	22.589483	TKDE	1.000000	0.000000	0.806833
34.921913	-12.859001	SIGMOD	1.000000	0.428000	0.000000
-25.477510	37.429039	ICDE	1.000000	0.882167	0.000000
56.879337	25.966097	SIGMOD	1.000000	0.428000	0.000000
-8.888887	7.747317	SIGMOD	1.000000	0.428000	0.000000
-18.046747	0.258374	KDD	0.000000	0.651333	1.000000
13.916558	-19.494577	VLDB	0.616833	1.000000	0.000000
-30.685194	-46.077545	KDD	0.000000	0.651333	1.000000
-27.273188	25.501209	KDD	0.000000	0.651333	1.000000
-13.041331	-45.912392	SIGIR	0.000000	1.000000	0.391000
44.087605	36.873672	TKDE	1.000000	0.000000	0.806833
35.129925	-41.491539	TKDE	1.000000	0.000000	0.806833
46.482357	0.888677	SIGMOD	1.000000	0.428000	0.000000
49.778065	14.451793	TODS	1.000000	0.000000	0.366667
-45.599876	-34.200039	SIGIR	0.000000	1.000000	0.391000
44.484734	-0.548818	SIGMOD	1.000000	0.428000	0.000000
-4.814558	-43.454590	WWW	0.581667	0.000000	1.000000
59.404285	37.533279	TKDE	1.000000	0.000000	0.806833
-3.685684	33.561611	SIGMOD	1.000000	0.428000	0.000000
55.697880	20.686949	SIGMOD	1.000000	0.428000	0.000000
-20.706219	-45.289036	SIGIR	0.000000	1.000000	0.391000
-27.199518	-38.922935	KDD	0.000000	0.651333	1.000000
-20.930582	5.989578	KDD	0.000000	0.651333	1.000000
-38.830986	22.237570	TKDE	1.000000	0.000000	0.806833
-26.506756	-21.697666	WWW	0.581667	0.000000	1.000000
-24.419050	-40.103374	WWW	0.581667	0.000000	1.000000
-41.926132	-47.904560	TOIS	0.000000	1.000000	0.886833
60.432835	28.182838	VLDB	0.616833	1.000000	0.000000
23.691183	53.996075	VLDB	0.616833	1.000000	0.000000
65.195152	31.009504	WWW	0.581667	0.000000	1.000000
-54.296547	9.003992	WWW	0.581667	0.000000	1.000000
-3.096200	30.939207	SIGMOD	1.000000	0.428000	0.000000
-13.463731	-19.752203	KDD	0.000000	0.651333	1.000000
-32.326912	31.384621	SIGMOD	1.000000	0.428000	0.000000
-21.098425	-16.632938	KDD	0.000000	0.651333	1.000000
9.773209	-53.318119	WWW	0.581667	0.000000	1.000000
9.014330	33.387978	SIGMOD	1.000000	0.428000	0.000000
-12.452822	1.898898	VLDB	0.616833	1.000000	0.000000
-6.696151	8.437924	SIGMOD	1.000000	0.428000	0.000000
12.773713	9.504567	TKDE	1.000000	0.000000	0.806833
12.288546	3.724527	VLDB	0.616833	1.000000	0.000000
-40.590717	-12.005239	KDD	0.000000	0.651333	1.000000
-41.357388	-46.876862	SIGIR	0.000000	1.000000	0.391000
20.381804	40.627956	VLDB	0.616833	1.000000	0.000000
15.926018	-53.288452	WWW	0.581667	0.000000	1.000000
-1.617739	-43.483227	WWW	0.581667	0.000000	1.000000
12.742260	27.982231	ICDE	1.000000	0.882167	0.000000
-29.988041	36.096069	VLDB	0.616833	1.000000	0.000000
36.927879	23.005198	SIGMOD	1.000000	0.428000	0.000000
42.573868	43.704727	SIGMOD	1.000000	0.428000	0.000000
17.575729	0.206964	ICDE	1.000000	0.882167	0.000000
-19.172361	-24.451864	KDD	0.000000	0.651333	1.000000
-9.338762	2.896858	VLDB	0.616833	1.000000	0.000000
5.062022	29.108261	VLDB	0.616833	1.000000	0.000000
15.646896	39.327099	SIGMOD	1.000000	0.428000	0.000000
-19.917675	23.522985	KDD	0.000000	0.651333	1.000000
-3.069835	9.589286	KDD	0.000000	0.651333	1.000000
-47.089859	25.521940	SIGMOD	1.000000	0.428000	0.000000
-16.196098	-18.671539	WWW	0.581667	0.000000	1.000000
15.205550	27.027679	SIGMOD	1.000000	0.428000	0.000000
50.713146	5.494986	SIGMOD	1.000000	0.428000	0.000000
-12.692344	4.371765	SIGMOD	1.000000	0.428000	0.000000
-37.325966	25.716484	TKDE	1.000000	0.000000	0.806833
-2.605047	32.066132	SIGMOD	1.000000	0.428000	0.000000
9.588250	21.779762	VLDB	0.616833	1.000000	0.000000
-25.238548	-2.809334	KDD	0.000000	0.651333	1.000000
42.320293	30.422634	SIGMOD	1.000000	0.428000	0.000000
-29.821112	0.314694	KDD	0.000000	0.651333	1.000000
-18.326616	-28.862225	SIGIR	0.000000	1.000000	0.391000
-19.772608	-37.123875	SIGIR	0.000000	1.000000	0.391000
70.148628	35.718517	TKDE	1.000000	0.000000	0.806833
8.893435	-30.918516	WWW	0.581667	0.000000	1.000000
-5.355604	30.126434	VLDB	0.616833	1.000000	0.000000
14.056828	38.684795	SIGMOD	1.000000	0.428000	0.000000
-40.142616	-41.352180	SIGIR	0.000000	1.000000	0.391000
6.059268	16.919998	TODS	1.000000	0.000000	0.366667
13.336490	-25.421829	VLDB	0.616833	1.000000	0.000000
-27.146469	4.971172	KDD	0.000000	0.651333	1.000000
-26.440674	-45.161266	WWW	0.581667	0.000000	1.000000
-11.278164	9.121430	SIGMOD	1.000000	0.428000	0.000000
5.492002	23.806412	VLDB	0.616833	1.000000	0.000000
-2.355039	-32.609982	WWW	0.581667	0.000000	1.000000
0.466039	32.083763	VLDB	0.616833	1.000000	0.000000
26.300425	24.657597	SIGMOD	1.000000	0.428000	0.000000
-7.622537	-28.409361	WWW	0.581667	0.000000	1.000000
-48.629314	22.639126	KDD	0.000000	0.651333	1.000000
21.027382	-4.964382	VLDB	0.616833	1.000000	0.000000
3.974148	-1.809910	SIGMOD	1.000000	0.428000	0.000000
53.456394	3.653720	SIGMOD	1.000000	0.428000	0.000000
38.834293	31.844210	SIGMOD	1.000000	0.428000	0.000000
45.807774	22.861961	SIGMOD	1.000000	0.428000	0.000000
36.908466	-7.811990	VLDB	0.616833	1.000000	0.000000
-52.215199	10.774916	SIGMOD	1.000000	0.428000	0.000000
16.680683	-10.621461	VLDB	0.616833	1.000000	0.000000
1.319182	-32.013882	WWW	0.581667	0.000000	1.000000
28.676346	4.211327	VLDB	0.616833	1.000000	0.000000
29.597031	-46.625042	WWW	0.581667	0.000000	1.000000
-11.692407	-18.989229	WWW	0.581667	0.000000	1.000000
-21.740343	15.057776	KDD	0.000000	0.651333	1.000000
9.536877	47.482346	VLDB	0.616833	1.000000	0.000000
54.916142	19.505079	SIGMOD	1.000000	0.428000	0.000000
34.986099	-7.129651	SIGMOD	1.000000	0.428000	0.000000
48.982777	4.331336	SIGMOD	1.000000	0.428000	0.000000
39.352314	31.467054	SIGMOD	1.000000	0.428000	0.000000
40.887421	1.563505	ICDE	1.000000	0.882167	0.000000
-30.691811	-1.123801	KDD	0.000000	0.651333	1.000000
-47.625061	23.235598	KDD	0.000000	0.651333	1.000000
-55.063889	12.636947	ICDE	1.000000	0.882167	0.000000
54.956966	39.101810	TKDE	1.000000	0.000000	0.806833
55.141991	45.186371	VLDB	0.616833	1.000000	0.000000
41.525928	13.214056	SIGMOD	1.000000	0.428000	0.000000
-45.817074	-22.370438	SIGIR	0.000000	1.000000	0.391000
49.309551	29.699974	SIGMOD	1.000000	0.428000	0.000000
-10.976426	-53.097912	SIGMOD	1.000000	0.428000	0.000000
-38.016216	-38.859772	SIGIR	0.000000	1.000000	0.391000
-0.763942	-22.382992	WWW	0.581667	0.000000	1.000000
30.651361	36.799469	SIGMOD	1.000000	0.428000	0.000000
36.855659	-0.926848	VLDB	0.616833	1.000000	0.000000
52.901051	28.838442	SIGMOD	1.000000	0.428000	0.000000
-15.669946	9.551196	TKDE	1.000000	0.000000	0.806833
1.233444	-47.486115	WWW	0.581667	0.000000	1.000000
-51.133434	-36.897015	TOIS	0.000000	1.000000	0.886833
2.260511	-48.578560	WWW	0.581667	0.000000	1.000000
-32.197281	0.063883	KDD	0.000000	0.651333	1.000000
-3.356648	-3.552361	KDD	0.000000	0.651333	1.000000
40.803406	13.451185	SIGMOD	1.000000	0.428000	0.000000
-15.560728	-62.821220	KDD	0.000000	0.651333	1.000000
-45.014797	-31.179001	SIGIR	0.000000	1.000000	0.391000
-57.614933	12.358720	ICDE	1.000000	0.882167	0.000000
-27.955481	-62.122772	WWW	0.581667	0.000000	1.000000
-8.063745	24.480005	SIGMOD	1.000000	0.428000	0.000000
-49.235054	-43.565445	SIGIR	0.000000	1.000000	0.391000
21.490137	-17.704618	ICDE	1.000000	0.882167	0.000000
37.508919	2.709656	SIGMOD	1.000000	0.428000	0.000000
-37.021240	19.855659	KDD	0.000000	0.651333	1.000000
-27.939402	-42.438099	SIGIR	0.000000	1.000000	0.391000
-12.358187	5.522790	SIGMOD	1.000000	0.428000	0.000000
-10.359265	-43.329647	WWW	0.581667	0.000000	1.000000
-28.791718	-44.529785	TOIS	0.000000	1.000000	0.886833
11.674712	-54.840496	WWW	0.581667	0.000000	1.000000
29.920212	51.051960	VLDB	0.616833	1.000000	0.000000
-23.539694	-57.042320	SIGIR	0.000000	1.000000	0.391000
49.098202	44.512821	SIGMOD	1.000000	0.428000	0.000000
25.847340	11.330052	SIGMOD	1.000000	0.428000	0.000000
1.351277	-21.678747	WWW	0.581667	0.000000	1.000000
34.382538	51.747898	VLDB	0.616833	1.000000	0.000000
-14.206269	-28.602562	WWW	0.581667	0.000000	1.000000
-24.282242	18.583788	KDD	0.000000	0.651333	1.000000
67.733627	36.703178	TKDE	1.000000	0.000000	0.806833
-10.796386	1.337952	KDD	0.000000	0.651333	1.000000
-11.937346	-46.011261	SIGIR	0.000000	1.000000	0.391000
-37.655602	18.510405	KDD	0.000000	0.651333	1.000000
27.674553	42.991791	VLDB	0.616833	1.000000	0.000000
11.596487	2.549531	ICDE	1.000000	0.882167	0.000000
53.438419	16.622580	VLDB	0.616833	1.000000	0.000000
-32.133324	-1.878035	KDD	0.000000	0.651333	1.000000
46.175846	23.988518	TODS	1.000000	0.000000	0.366667
11.263157	13.652727	SIGMOD	1.000000	0.428000	0.000000
9.628154	-14.932763	TKDE	1.000000	0.000000	0.806833
-41.149715	-43.559536	SIGIR	0.000000	1.000000	0.391000
39.595184	34.816280	SIGMOD	1.000000	0.428000	0.000000
-0.795527	-35.866905	TKDE	1.000000	0.000000	0.806833
16.500383	-14.686878	SIGMOD	1.000000	0.428000	0.000000
30.326107	-3.510995	TODS	1.000000	0.000000	0.366667
0.111277	-48.049450	WWW	0.581667	0.000000	1.000000
-30.679663	-20.819506	TKDE	1.000000	0.000000	0.806833
-35.910763	-32.288940	SIGIR	0.000000	1.000000	0.391000
-53.622639	-32.296253	SIGIR	0.000000	1.000000	0.391000
42.121403	14.094523	VLDB	0.616833	1.000000	0.000000
20.498716	23.703695	VLDB	0.616833	1.000000	0.000000
38.096199	52.247478	VLDB	0.616833	1.000000	0.000000
-14.736611	-46.408070	SIGIR	0.000000	1.000000	0.391000
34.726784	26.358767	SIGMOD	1.000000	0.428000	0.000000
-25.832684	40.729946	VLDB	0.616833	1.000000	0.000000
-36.093582	-20.541655	TKDE	1.000000	0.000000	0.806833
-32.976429	35.728191	VLDB	0.616833	1.000000	0.000000
24.706007	24.393772	VLDB	0.616833	1.000000	0.000000
15.645148	50.593849	SIGMOD	1.000000	0.428000	0.000000
3.461980	23.773512	SIGMOD	1.000000	0.428000	0.000000
45.528736	-6.290673	VLDB	0.616833	1.000000	0.000000
-51.518631	9.191237	KDD	0.000000	0.651333	1.000000
-0.144712	-42.414978	WWW	0.581667	0.000000	1.000000
22.918928	28.257975	SIGMOD	1.000000	0.428000	0.000000
0.312484	-45.388920	WWW	0.581667	0.000000	1.000000
-39.940754	5.465777	TKDE	1.000000	0.000000	0.806833
13.752131	-45.734283	WWW	0.581667	0.000000	1.000000
10.559027	46.540993	ICDE	1.000000	0.882167	0.000000
-29.432943	-36.648407	WWW	0.581667	0.000000	1.000000
-23.412403	-25.248205	WWW	0.581667	0.000000	1.000000
57.313450	10.784453	TKDE	1.000000	0.000000	0.806833
-43.519135	-28.842928	SIGIR	0.000000	1.000000	0.391000
-16.389198	-16.338135	KDD	0.000000	0.651333	1.000000
47.940166	3.042440	SIGMOD	1.000000	0.428000	0.000000
35.492264	32.147675	SIGMOD	1.000000	0.428000	0.000000
-40.191311	-59.311218	TOIS	0.000000	1.000000	0.886833
-14.482688	-22.092794	KDD	0.000000	0.651333	1.000000
10.232267	45.557838	ICDE	1.000000	0.882167	0.000000
-17.471165	-19.844521	KDD	0.000000	0.651333	1.000000
19.739460	-29.567734	WWW	0.581667	0.000000	1.000000
1.479625	31.100077	VLDB	0.616833	1.000000	0.000000
-57.146347	-34.616058	SIGIR	0.000000	1.000000	0.391000
-30.557751	38.065170	SIGMOD	1.000000	0.428000	0.000000
-13.044178	-38.805435	WWW	0.581667	0.000000	1.000000
23.794918	-14.219645	VLDB	0.616833	1.000000	0.000000
-10.669636	-59.787579	KDD	0.000000	0.651333	1.000000
4.276523	-11.995747	TKDE	1.000000	0.000000	0.806833
24.657194	0.562691	SIGMOD	1.000000	0.428000	0.000000
46.385490	35.711773	TKDE	1.000000	0.000000	0.806833
-3.856189	22.306183	WWW	0.581667	0.000000	1.000000
45.183716	3.587908	VLDB	0.616833	1.000000	0.000000
41.922802	42.310841	SIGMOD	1.000000	0.428000	0.000000
-35.759808	-40.273682	SIGIR	0.000000	1.000000	0.391000
-9.015517	-22.101416	WWW	0.581667	0.000000	1.000000
17.872892	-15.725234	VLDB	0.616833	1.000000	0.000000
-28.461708	15.962246	TKDE	1.000000	0.000000	0.806833
-18.480865	-39.582932	WWW	0.581667	0.000000	1.000000
-31.817944	34.288361	TKDE	1.000000	0.000000	0.806833
-21.195763	-27.097044	KDD	0.000000	0.651333	1.000000
40.515949	16.602747	SIGMOD	1.000000	0.428000	0.000000
29.969456	25.978436	SIGMOD	1.000000	0.428000	0.000000
-3.670610	7.212956	VLDB	0.616833	1.000000	0.000000
-4.216084	36.550503	VLDB	0.616833	1.000000	0.000000
-45.201859	-27.722805	SIGIR	0.000000	1.000000	0.391000
-46.041336	-19.266376	KDD	0.000000	0.651333	1.000000
6.162523	7.825373	TKDE	1.000000	0.000000	0.806833
14.993805	43.576008	ICDE	1.000000	0.882167	0.000000
59.342968	20.198853	TKDE	1.000000	0.000000	0.806833
-3.472892	6.391879	VLDB	0.616833	1.000000	0.000000
-43.777760	-18.729399	KDD	0.000000	0.651333	1.000000
38.315430	-7.246486	SIGMOD	1.000000	0.428000	0.000000
19.913565	2.369352	SIGMOD	1.000000	0.428000	0.000000
-4.115644	-33.321815	WWW	0.581667	0.000000	1.000000
-21.413088	20.485073	KDD	0.000000	0.651333	1.000000
-38.853241	-32.841877	SIGIR	0.000000	1.000000	0.391000
-9.752753	17.450603	VLDB	0.616833	1.000000	0.000000
-19.223093	-42.545914	WWW	0.581667	0.000000	1.000000
-25.044529	-27.010416	WWW	0.581667	0.000000	1.000000
-11.713610	-35.208839	WWW	0.581667	0.000000	1.000000
34.682072	-11.588531	KDD	0.000000	0.651333	1.000000
36.857807	52.031418	VLDB	0.616833	1.000000	0.000000
-17.150982	34.758743	TKDE	1.000000	0.000000	0.806833
-14.844200	-24.244482	WWW	0.581667	0.000000	1.000000
-10.948939	-14.275461	KDD	0.000000	0.651333	1.000000
-28.342247	16.396221	VLDB	0.616833	1.000000	0.000000
32.158398	-9.459748	TKDE	1.000000	0.000000	0.806833
19.489357	-11.369443	SIGMOD	1.000000	0.428000	0.000000
-5.089077	-40.441624	WWW	0.581667	0.000000	1.000000
24.369513	52.106560	SIGMOD	1.000000	0.428000	0.000000
2.567369	13.888013	TKDE	1.000000	0.000000	0.806833
49.425751	18.862261	SIGMOD	1.000000	0.428000	0.000000
-19.715271	-33.709305	WWW	0.581667	0.000000	1.000000
-34.936874	-40.876614	SIGIR	0.000000	1.000000	0.391000
12.765079	-25.467463	VLDB	0.616833	1.000000	0.000000
-14.584931	18.484629	KDD	0.000000	0.651333	1.000000
12.426010	18.037308	SIGMOD	1.000000	0.428000	0.000000
-34.148987	-36.689518	KDD	0.000000	0.651333	1.000000
-46.496601	-36.061569	SIGIR	0.000000	1.000000	0.391000
-48.892372	-32.279667	SIGIR	0.000000	1.000000	0.391000
-34.214760	-31.838810	SIGIR	0.000000	1.000000	0.391000
9.440391	-37.114288	WWW	0.581667	0.000000	1.000000
-34.831150	24.117943	KDD	0.000000	0.651333	1.000000
35.220951	-3.004730	VLDB	0.616833	1.000000	0.000000
52.709900	33.211491	TKDE	1.000000	0.000000	0.806833
-2.931343	-28.590261	WWW	0.581667	0.000000	1.000000
-4.656741	-12.034864	SIGMOD	1.000000	0.428000	0.000000
13.892361	-42.941158	WWW	0.581667	0.000000	1.000000
-24.053022	-64.946953	WWW	0.581667	0.000000	1.000000
37.990917	36.846268	SIGMOD	1.000000	0.428000	0.000000
-35.272923	-4.582262	TKDE	1.000000	0.000000	0.806833
-32.947330	-49.984653	SIGIR	0.000000	1.000000	0.391000
-14.832496	16.663193	KDD	0.000000	0.651333	1.000000
-32.488728	27.416147	SIGMOD	1.000000	0.428000	0.000000
-19.751095	3.033545	VLDB	0.616833	1.000000	0.000000
-39.341190	-30.208561	SIGIR	0.000000	1.000000	0.391000
2.091981	-2.645543	VLDB	0.616833	1.000000	0.000000
-7.341797	-33.873508	WWW	0.581667	0.000000	1.000000
-45.324089	-30.145172	SIGIR	0.000000	1.000000	0.391000
-36.542492	23.191299	KDD	0.000000	0.651333	1.000000
27.805569	-23.321344	ICDE	1.000000	0.882167	0.000000
-4.341505	32.891666	SIGMOD	1.000000	0.428000	0.000000
-22.444468	-6.456048	KDD	0.000000	0.651333	1.000000
-13.817458	-34.175926	WWW	0.581667	0.000000	1.000000
-5.044986	-39.357773	WWW	0.581667	0.000000	1.000000
-10.757967	-58.397907	KDD	0.000000	0.651333	1.000000
29.218250	44.248775	VLDB	0.616833	1.000000	0.000000
-35.382454	25.892517	SIGMOD	1.000000	0.428000	0.000000
58.987984	31.341290	VLDB	0.616833	1.000000	0.000000
3.506991	9.264946	ICDE	1.000000	0.882167	0.000000
9.118959	9.131034	VLDB	0.616833	1.000000	0.000000
-19.946478	-62.200478	KDD	0.000000	0.651333	1.000000
37.780331	-12.328386	SIGMOD	1.000000	0.428000	0.000000
-21.920324	-47.122120	SIGIR	0.000000	1.000000	0.391000
-41.811642	-31.715593	SIGIR	0.000000	1.000000	0.391000
30.023939	44.474499	VLDB	0.616833	1.000000	0.000000
-13.660873	-45.568336	SIGIR	0.000000	1.000000	0.391000
-17.459023	-43.235600	WWW	0.581667	0.000000	1.000000
-21.408066	23.481543	KDD	0.000000	0.651333	1.000000
-28.218847	8.105887	KDD	0.000000	0.651333	1.000000
-13.241696	-52.180832	SIGIR	0.000000	1.000000	0.391000
58.034351	35.421680	TKDE	1.000000	0.000000	0.806833
-35.131538	-49.763279	SIGIR	0.000000	1.000000	0.391000
-46.057514	-22.699005	TOIS	0.000000	1.000000	0.886833
31.686304	-41.549416	TKDE	1.000000	0.000000	0.806833
11.976588	-49.968227	WWW	0.581667	0.000000	1.000000
52.174877	11.561588	SIGMOD	1.000000	0.428000	0.000000
-18.097263	-52.526981	KDD	0.000000	0.651333	1.000000
-4.430084	-4.999988	KDD	0.000000	0.651333	1.000000
-5.086162	8.808265	SIGMOD	1.000000	0.428000	0.000000
-39.892609	-18.072538	SIGIR	0.000000	1.000000	0.391000
8.947628	-21.986725	SIGMOD	1.000000	0.428000	0.000000
-26.896645	-7.638693	TKDE	1.000000	0.000000	0.806833
-36.404457	-38.674992	SIGIR	0.000000	1.000000	0.391000
-5.748704	5.311574	VLDB	0.616833	1.000000	0.000000
42.388367	-9.034326	KDD	0.000000	0.651333	1.000000
-33.023781	-51.519516	SIGIR	0.000000	1.000000	0.391000
-45.433117	-19.900637	SIGIR	0.000000	1.000000	0.391000
2.902586	23.715603	SIGMOD	1.000000	0.428000	0.000000
-31.670637	18.666374	ICDE	1.000000	0.882167	0.000000
-29.581888	25.610697	KDD	0.000000	0.651333	1.000000
-47.845436	-41.807682	SIGIR	0.000000	1.000000	0.391000
16.047132	-38.505562	WWW	0.581667	0.000000	1.000000
55.894878	21.787161	SIGMOD	1.000000	0.428000	0.000000
-30.135723	37.122566	VLDB	0.616833	1.000000	0.000000
34.638958	-45.250290	TKDE	1.000000	0.000000	0.806833
-5.098672	14.542657	TKDE	1.000000	0.000000	0.806833
-47.306377	-21.434656	SIGIR	0.000000	1.000000	0.391000
-54.308979	-31.441099	SIGIR	0.000000	1.000000	0.391000
-24.573322	-60.518982	SIGIR	0.000000	1.000000	0.391000
38.718967	-13.035133	VLDB	0.616833	1.000000	0.000000
21.005552	11.805639	SIGMOD	1.000000	0.428000	0.000000
-18.657995	-56.570427	WWW	0.581667	0.000000	1.000000
-56.172821	17.680891	TKDE	1.000000	0.000000	0.806833
11.689361	17.599985	SIGMOD	1.000000	0.428000	0.000000
-26.597261	-48.752274	WWW	0.581667	0.000000	1.000000
58.814838	11.234537	TKDE	1.000000	0.000000	0.806833
54.883739	36.101105	TKDE	1.000000	0.000000	0.806833
6.146155	-52.588654	WWW	0.581667	0.000000	1.000000
-30.790386	24.579905	KDD	0.000000	0.651333	1.000000
-16.487108	0.841813	KDD	0.000000	0.651333	1.000000
49.380711	32.484314	VLDB	0.616833	1.000000	0.000000
43.537468	-9.095440	KDD	0.000000	0.651333	1.000000
-29.432608	32.915508	SIGMOD	1.000000	0.428000	0.000000
16.089441	-0.002124	VLDB	0.616833	1.000000	0.000000
-21.594397	1.598082	KDD	0.000000	0.651333	1.000000
-16.622311	-42.225098	WWW	0.581667	0.000000	1.000000
-32.880379	14.387540	SIGMOD	1.000000	0.428000	0.000000
-29.900484	-36.834110	TKDE	1.000000	0.000000	0.806833
56.580982	23.594488	VLDB	0.616833	1.000000	0.000000
8.491514	-22.909382	VLDB	0.616833	1.000000	0.000000
24.863808	16.888432	SIGMOD	1.000000	0.428000	0.000000
13.374619	-9.219276	WWW	0.581667	0.000000	1.000000
28.364466	50.533833	VLDB	0.616833	1.000000	0.000000
-22.898903	-59.951427	TOIS	0.000000	1.000000	0.886833
-39.104767	28.367788	ICDE	1.000000	0.882167	0.000000
-47.333778	-34.468094	SIGIR	0.000000	1.000000	0.391000
19.649784	-17.094130	VLDB	0.616833	1.000000	0.000000
26.667284	25.605919	SIGMOD	1.000000	0.428000	0.000000
-46.848694	21.669779	SIGMOD	1.000000	0.428000	0.000000
-33.890308	24.730892	KDD	0.000000	0.651333	1.000000
61.506626	37.324768	TKDE	1.000000	0.000000	0.806833
0.161837	-20.716976	WWW	0.581667	0.000000	1.000000
16.737614	-18.348354	WWW	0.581667	0.000000	1.000000
55.755203	45.322105	SIGMOD	1.000000	0.428000	0.000000
34.480328	16.457468	ICDE	1.000000	0.882167	0.000000
-12.581102	3.471544	SIGMOD	1.000000	0.428000	0.000000
56.909653	21.048639	TKDE	1.000000	0.000000	0.806833
35.811958	46.189156	VLDB	0.616833	1.000000	0.000000
-50.188934	-23.287962	SIGIR	0.000000	1.000000	0.391000
-51.649780	-29.229252	SIGIR	0.000000	1.000000	0.391000
-28.283611	-21.557240	TKDE	1.000000	0.000000	0.806833
-39.858734	-23.970312	SIGIR	0.000000	1.000000	0.391000
-33.297104	-50.272785	TOIS	0.000000	1.000000	0.886833
18.962059	-31.232878	KDD	0.000000	0.651333	1.000000
15.769644	-3.181460	VLDB	0.616833	1.000000	0.000000
11.758900	24.068121	VLDB	0.616833	1.000000	0.000000
-48.053082	20.415529	TKDE	1.000000	0.000000	0.806833
-31.748575	-27.727673	KDD	0.000000	0.651333	1.000000
-23.093369	42.894794	TKDE	1.000000	0.000000	0.806833
0.897253	-20.400827	KDD	0.000000	0.651333	1.000000
21.624861	20.917995	SIGMOD	1.000000	0.428000	0.000000
-14.809382	-20.112024	KDD	0.000000	0.651333	1.000000
27.969587	-25.843874	TKDE	1.000000	0.000000	0.806833
-38.527443	-24.275726	SIGIR	0.000000	1.000000	0.391000
48.682732	22.756941	TODS	1.000000	0.000000	0.366667
-46.162949	22.970686	VLDB	0.616833	1.000000	0.000000
19.706419	8.973785	SIGMOD	1.000000	0.428000	0.000000
28.563570	-26.910660	TKDE	1.000000	0.000000	0.806833
-27.264997	-22.068752	WWW	0.581667	0.000000	1.000000
-31.404776	26.166895	TKDE	1.000000	0.000000	0.806833
-37.605347	-19.008314	SIGIR	0.000000	1.000000	0.391000
46.483067	24.849133	TODS	1.000000	0.000000	0.366667
-10.383635	13.124740	VLDB	0.616833	1.000000	0.000000
51.941730	10.811885	SIGMOD	1.000000	0.428000	0.000000
-10.354527	11.331257	VLDB	0.616833	1.000000	0.000000
-8.532592	-20.832714	WWW	0.581667	0.000000	1.000000
-39.370911	28.202225	ICDE	1.000000	0.882167	0.000000
-16.864756	-62.311821	KDD	0.000000	0.651333	1.000000
57.699627	19.959536	VLDB	0.616833	1.000000	0.000000
-39.932243	-32.323372	SIGIR	0.000000	1.000000	0.391000
-52.615871	15.121291	TKDE	1.000000	0.000000	0.806833
21.619194	38.627506	VLDB	0.616833	1.000000	0.000000
38.254807	2.887912	SIGMOD	1.000000	0.428000	0.000000
8.450532	-34.774673	WWW	0.581667	0.000000	1.000000
36.530144	-11.275740	KDD	0.000000	0.651333	1.000000
-11.437267	26.302225	WWW	0.581667	0.000000	1.000000
-48.665249	-35.032494	SIGIR	0.000000	1.000000	0.391000
11.633778	14.798825	SIGMOD	1.000000	0.428000	0.000000
50.691406	18.798187	SIGMOD	1.000000	0.428000	0.000000
17.815584	8.814852	SIGMOD	1.000000	0.428000	0.000000
38.887989	-9.214100	SIGMOD	1.000000	0.428000	0.000000
40.277836	-5.365272	ICDE	1.000000	0.882167	0.000000
41.007938	-3.701207	ICDE	1.000000	0.882167	0.000000
50.535542	1.964872	VLDB	0.616833	1.000000	0.000000
-13.069827	-25.160294	WWW	0.581667	0.000000	1.000000
26.791384	3.523282	SIGMOD	1.000000	0.428000	0.000000
42.737728	44.026043	SIGMOD	1.000000	0.428000	0.000000
-11.078397	-14.528455	KDD	0.000000	0.651333	1.000000
30.883162	51.110676	VLDB	0.616833	1.000000	0.000000
-25.854317	31.602718	VLDB	0.616833	1.000000	0.000000
24.495596	51.652378	SIGMOD	1.000000	0.428000	0.000000
-29.727131	-33.778374	KDD	0.000000	0.651333	1.000000
-52.513016	-30.229282	SIGIR	0.000000	1.000000	0.391000
-36.119789	-42.651562	TOIS	0.000000	1.000000	0.886833
-37.240295	-16.998253	KDD	0.000000	0.651333	1.000000
11.258451	25.823429	VLDB	0.616833	1.000000	0.000000
-46.991657	24.008099	KDD	0.000000	0.651333	1.000000
-35.615597	-44.608013	SIGIR	0.000000	1.000000	0.391000
27.753429	5.543151	VLDB	0.616833	1.000000	0.000000
-34.331627	29.816835	SIGMOD	1.000000	0.428000	0.000000
36.418034	-7.771575	VLDB	0.616833	1.000000	0.000000
31.440018	2.168895	VLDB	0.616833	1.000000	0.000000
-44.314625	-36.886444	SIGIR	0.000000	1.000000	0.391000
26.684019	-43.589054	WWW	0.581667	0.000000	1.000000
21.781858	-10.304967	SIGMOD	1.000000	0.428000	0.000000
-5.215747	7.399032	SIGMOD	1.000000	0.428000	0.000000
-29.231056	28.087416	SIGMOD	1.000000	0.428000	0.000000
-7.514211	6.348671	VLDB	0.616833	1.000000	0.000000
37.173630	36.661224	SIGMOD	1.000000	0.428000	0.000000
51.210163	27.904379	SIGMOD	1.000000	0.428000	0.000000
20.609848	-16.400591	VLDB	0.616833	1.000000	0.000000
-21.825403	-15.310492	KDD	0.000000	0.651333	1.000000
-14.448382	-26.528021	WWW	0.581667	0.000000	1.000000
7.677910	-30.278805	WWW	0.581667	0.000000	1.000000
1.469499	29.124115	VLDB	0.616833	1.000000	0.000000
13.553799	44.821220	ICDE	1.000000	0.882167	0.000000
-41.364182	-29.044224	SIGIR	0.000000	1.000000	0.391000
-22.140978	-31.436012	WWW	0.581667	0.000000	1.000000
-37.883820	-45.203976	SIGIR	0.000000	1.000000	0.391000
-29.278858	-15.860952	TKDE	1.000000	0.000000	0.806833
-35.749401	1.476005	TKDE	1.000000	0.000000	0.806833
11.670417	32.658936	VLDB	0.616833	1.000000	0.000000
18.438766	-31.045567	WWW	0.581667	0.000000	1.000000
3.202988	-22.271122	WWW	0.581667	0.000000	1.000000
48.028194	33.091118	VLDB	0.616833	1.000000	0.000000
-0.396464	-48.107395	WWW	0.581667	0.000000	1.000000
22.816481	18.894751	SIGMOD	1.000000	0.428000	0.000000
17.887932	8.332102	SIGMOD	1.000000	0.428000	0.000000
20.421942	51.971363	ICDE	1.000000	0.882167	0.000000
20.299805	-34.116299	WWW	0.581667	0.000000	1.000000
-7.147498	-42.577774	WWW	0.581667	0.000000	1.000000
-28.895706	-16.395927	WWW	0.581667	0.000000	1.000000
33.892384	31.614075	SIGMOD	1.000000	0.428000	0.000000
33.828758	24.373550	SIGMOD	1.000000	0.428000	0.000000
-55.228378	11.605459	ICDE	1.000000	0.882167	0.000000
14.240252	18.173260	SIGMOD	1.000000	0.428000	0.000000
1.885074	-19.228344	SIGMOD	1.000000	0.428000	0.000000
-4.089064	-42.778709	WWW	0.581667	0.000000	1.000000
-18.272547	5.440238	KDD	0.000000	0.651333	1.000000
-30.666607	16.608158	KDD	0.000000	0.651333	1.000000
-29.449747	-34.502827	WWW	0.581667	0.000000	1.000000
19.374290	19.102962	VLDB	0.616833	1.000000	0.000000
-20.556456	2.937043	KDD	0.000000	0.651333	1.000000
36.814236	53.210300	VLDB	0.616833	1.000000	0.000000
42.725548	35.374062	SIGMOD	1.000000	0.428000	0.000000
-32.080627	38.098984	VLDB	0.616833	1.000000	0.000000
-30.727207	5.618104	KDD	0.000000	0.651333	1.000000
-56.196079	18.197273	SIGMOD	1.000000	0.428000	0.000000
40.197960	34.217461	SIGMOD	1.000000	0.428000	0.000000
-7.402174	-28.407822	WWW	0.581667	0.000000	1.000000
7.454343	46.371342	VLDB	0.616833	1.000000	0.000000
-31.566393	-9.509305	KDD	0.000000	0.651333	1.000000
23.294601	27.347322	SIGMOD	1.000000	0.428000	0.000000
3.643393	-32.635742	WWW	0.581667	0.000000	1.000000
-44.830849	-35.383564	SIGIR	0.000000	1.000000	0.391000
-19.855471	-63.343590	KDD	0.000000	0.651333	1.000000
13.834328	-13.836723	VLDB	0.616833	1.000000	0.000000
-22.737473	-14.479181	KDD	0.000000	0.651333	1.000000
-18.006960	11.715586	KDD	0.000000	0.651333	1.000000
33.477394	-12.406538	KDD	0.000000	0.651333	1.000000
20.282127	-54.368244	WWW	0.581667	0.000000	1.000000
10.046600	41.078289	SIGIR	0.000000	1.000000	0.391000
-25.926712	30.487055	ICDE	1.000000	0.882167	0.000000
16.128370	-8.017189	ICDE	1.000000	0.882167	0.000000
13.377095	-7.383482	WWW	0.581667	0.000000	1.000000
-54.314541	-34.019527	SIGIR	0.000000	1.000000	0.391000
54.425217	28.703754	VLDB	0.616833	1.000000	0.000000
19.510628	-16.263672	VLDB	0.616833	1.000000	0.000000
-50.356697	23.497761	SIGMOD	1.000000	0.428000	0.000000
50.508389	15.387223	VLDB	0.616833	1.000000	0.000000
-37.587833	2.683955	TKDE	1.000000	0.000000	0.806833
-33.983170	15.510509	ICDE	1.000000	0.882167	0.000000
10.867527	-48.242332	WWW	0.581667	0.000000	1.000000
34.059723	26.049582	SIGMOD	1.000000	0.428000	0.000000
40.890316	15.865596	VLDB	0.616833	1.000000	0.000000
-39.355331	-58.501537	TOIS	0.000000	1.000000	0.886833
-33.718735	-44.383759	SIGIR	0.000000	1.000000	0.391000
-35.712021	-1.540206	TKDE	1.000000	0.000000	0.806833
26.721889	53.243835	SIGMOD	1.000000	0.428000	0.000000
25.435776	6.950589	VLDB	0.616833	1.000000	0.000000
9.154195	35.309109	SIGMOD	1.000000	0.428000	0.000000
-33.018692	-9.199005	KDD	0.000000	0.651333	1.000000
-25.229290	-35.670456	WWW	0.581667	0.000000	1.000000
22.294563	-4.251722	ICDE	1.000000	0.882167	0.000000
-8.494778	-32.981186	KDD	0.000000	0.651333	1.000000
23.343050	24.245546	VLDB	0.616833	1.000000	0.000000
28.464407	25.060467	SIGMOD	1.000000	0.428000	0.000000
6.410985	-42.057537	WWW	0.581667	0.000000	1.000000
-9.690169	8.247128	SIGMOD	1.000000	0.428000	0.000000
-35.484901	-15.178395	KDD	0.000000	0.651333	1.000000
7.223680	-52.740967	WWW	0.581667	0.000000	1.000000
59.269669	28.262501	VLDB	0.616833	1.000000	0.000000
7.377966	47.098251	VLDB	0.616833	1.000000	0.000000
-28.940180	38.756275	VLDB	0.616833	1.000000	0.000000
-27.388481	-56.780964	SIGIR	0.000000	1.000000	0.391000
-43.673016	-44.352249	SIGIR	0.000000	1.000000	0.391000
-28.476284	25.469915	KDD	0.000000	0.651333	1.000000
-34.767689	32.794182	KDD	0.000000	0.651333	1.000000
-38.753803	-17.551802	SIGIR	0.000000	1.000000	0.391000
31.181358	50.142567	SIGMOD	1.000000	0.428000	0.000000
11.613846	-48.794544	WWW	0.581667	0.000000	1.000000
41.863888	31.875353	SIGMOD	1.000000	0.428000	0.000000
45.125641	-7.401052	KDD	0.000000	0.651333	1.000000
24.806892	47.393890	VLDB	0.616833	1.000000	0.000000
-22.231539	5.328394	KDD	0.000000	0.651333	1.000000
-42.873104	4.128119	TKDE	1.000000	0.000000	0.806833
-38.892876	16.704035	TKDE	1.000000	0.000000	0.806833
3.881258	-21.027613	VLDB	0.616833	1.000000	0.000000
-49.531696	-31.195795	TOIS	0.000000	1.000000	0.886833
37.256592	50.962242	SIGMOD	1.000000	0.428000	0.000000
-53.378120	-28.102057	SIGIR	0.000000	1.000000	0.391000
16.645105	35.080261	SIGMOD	1.000000	0.428000	0.000000
19.674938	26.259258	SIGMOD	1.000000	0.428000	0.000000
-31.737801	19.744438	ICDE	1.000000	0.882167	0.000000
28.283405	11.277966	ICDE	1.000000	0.882167	0.000000
20.503290	22.388910	VLDB	0.616833	1.000000	0.000000
33.704529	-45.086243	TKDE	1.000000	0.000000	0.806833
37.204472	12.237981	TKDE	1.000000	0.000000	0.806833
-3.773029	20.506887	SIGMOD	1.000000	0.428000	0.000000
30.842138	11.674336	SIGMOD	1.000000	0.428000	0.000000
-24.177656	5.542699	KDD	0.000000	0.651333	1.000000
-18.917427	7.979285	TKDE	1.000000	0.000000	0.806833
14.647030	40.795353	VLDB	0.616833	1.000000	0.000000
-5.846057	-50.424835	WWW	0.581667	0.000000	1.000000
51.186012	19.824650	SIGMOD	1.000000	0.428000	0.000000
-44.677605	-44.785698	SIGIR	0.000000	1.000000	0.391000
40.306374	6.650386	TKDE	1.000000	0.000000	0.806833
-39.236465	16.423092	TKDE	1.000000	0.000000	0.806833
18.829998	38.606964	SIGMOD	1.000000	0.428000	0.000000
-41.040291	-45.514763	SIGIR	0.000000	1.000000	0.391000
-4.261761	22.623285	WWW	0.581667	0.000000	1.000000
45.246418	-1.895012	SIGMOD	1.000000	0.428000	0.000000
39.637104	3.629911	SIGMOD	1.000000	0.428000	0.000000
-1.919894	-36.564884	WWW	0.581667	0.000000	1.000000
-25.294352	-19.724888	KDD	0.000000	0.651333	1.000000
-0.503209	-46.717510	WWW	0.581667	0.000000	1.000000
22.214128	-36.144444	WWW	0.581667	0.000000	1.000000
-46.422398	-29.092649	SIGIR	0.000000	1.000000	0.391000
-25.273605	-35.048248	WWW	0.581667	0.000000	1.000000
-8.255017	-19.642195	KDD	0.000000	0.651333	1.000000
36.963631	28.089420	SIGMOD	1.000000	0.428000	0.000000
12.284329	-34.746956	WWW	0.581667	0.000000	1.000000
13.108001	-19.875849	WWW	0.581667	0.000000	1.000000
-53.399742	10.286436	SIGMOD	1.000000	0.428000	0.000000
-21.117231	-59.703823	SIGIR	0.000000	1.000000	0.391000
-44.138611	-23.893667	SIGIR	0.000000	1.000000	0.391000
41.027279	-0.569703	SIGMOD	1.000000	0.428000	0.000000
23.072784	16.231081	ICDE	1.000000	0.882167	0.000000
-25.752724	-62.658375	TKDE	1.000000	0.000000	0.806833
35.850388	33.149288	SIGMOD	1.000000	0.428000	0.000000
56.521500	10.729238	SIGMOD	1.000000	0.428000	0.000000
32.481960	16.122444	ICDE	1.000000	0.882167	0.000000
7.898664	-29.553629	WWW	0.581667	0.000000	1.000000
28.488544	35.736607	SIGMOD	1.000000	0.428000	0.000000
34.596325	-0.672740	VLDB	0.616833	1.000000	0.000000
8.147703	18.145645	SIGMOD	1.000000	0.428000	0.000000
13.445137	23.087786	SIGMOD	1.000000	0.428000	0.000000
5.402416	-34.908195	VLDB	0.616833	1.000000	0.000000
2.260472	-39.559834	WWW	0.581667	0.000000	1.000000
26.909559	5.750568	VLDB	0.616833	1.000000	0.000000
1.692919	-42.526402	WWW	0.581667	0.000000	1.000000
15.369936	2.882371	VLDB	0.616833	1.000000	0.000000
-40.158718	-23.175587	SIGIR	0.000000	1.000000	0.391000
-49.909870	14.601990	KDD	0.000000	0.651333	1.000000
5.934700	-30.292761	WWW	0.581667	0.000000	1.000000
-27.474810	41.741829	SIGMOD	1.000000	0.428000	0.000000
-37.455532	-47.245594	SIGIR	0.000000	1.000000	0.391000
-39.274006	-14.110728	KDD	0.000000	0.651333	1.000000
-58.412857	12.386714	ICDE	1.000000	0.882167	0.000000
-11.408998	-16.309109	KDD	0.000000	0.651333	1.000000
-23.577402	-64.034805	SIGIR	0.000000	1.000000	0.391000
-8.361805	4.307524	KDD	0.000000	0.651333	1.000000
-50.881443	15.918047	TKDE	1.000000	0.000000	0.806833
-13.462734	-54.306705	KDD	0.000000	0.651333	1.000000
51.602730	2.155359	SIGMOD	1.000000	0.428000	0.000000
-29.840597	-43.621742	SIGIR	0.000000	1.000000	0.391000
-10.815617	4.099678	SIGMOD	1.000000	0.428000	0.000000
-2.869018	23.804169	SIGMOD	1.000000	0.428000	0.000000
5.492354	14.326825	VLDB	0.616833	1.000000	0.000000
16.139866	-15.974110	SIGMOD	1.000000	0.428000	0.000000
-3.013320	-56.934502	KDD	0.000000	0.651333	1.000000
-50.154888	12.751306	VLDB	0.616833	1.000000	0.000000
-28.917931	37.539364	KDD	0.000000	0.651333	1.000000
16.675222	0.611106	VLDB	0.616833	1.000000	0.000000
-22.523027	-37.361164	WWW	0.581667	0.000000	1.000000
-6.191805	25.061646	WWW	0.581667	0.000000	1.000000
47.786461	6.440749	SIGMOD	1.000000	0.428000	0.000000
-15.638475	36.550343	TKDE	1.000000	0.000000	0.806833
-17.583076	-28.329264	WWW	0.581667	0.000000	1.000000
-6.133853	24.125771	SIGIR	0.000000	1.000000	0.391000
45.804298	20.287725	SIGMOD	1.000000	0.428000	0.000000
-28.096460	-30.501900	TKDE	1.000000	0.000000	0.806833
-30.968956	-27.785418	WWW	0.581667	0.000000	1.000000
18.200800	-6.647184	ICDE	1.000000	0.882167	0.000000
-15.876252	10.094810	KDD	0.000000	0.651333	1.000000
16.785719	7.728022	KDD	0.000000	0.651333	1.000000
41.133347	4.259678	TKDE	1.000000	0.000000	0.806833
-45.666004	-47.601883	SIGIR	0.000000	1.000000	0.391000
-22.783634	39.011185	VLDB	0.616833	1.000000	0.000000
22.950993	21.255959	SIGMOD	1.000000	0.428000	0.000000
-10.862658	-41.116631	VLDB	0.616833	1.000000	0.000000
15.493317	49.254471	SIGMOD	1.000000	0.428000	0.000000
-23.126488	-26.832443	KDD	0.000000	0.651333	1.000000
-11.464255	-22.933920	WWW	0.581667	0.000000	1.000000
5.820260	28.757893	SIGMOD	1.000000	0.428000	0.000000
12.667575	-29.830168	WWW	0.581667	0.000000	1.000000
-42.090687	-6.794133	TKDE	1.000000	0.000000	0.806833
-33.662811	-1.747856	TKDE	1.000000	0.000000	0.806833
-26.130091	-48.461178	WWW	0.581667	0.000000	1.000000
-50.882435	-37.255795	TOIS	0.000000	1.000000	0.886833
-42.054016	-0.699006	TKDE	1.000000	0.000000	0.806833
-1.328809	-28.721912	WWW	0.581667	0.000000	1.000000
-21.335598	-20.649397	KDD	0.000000	0.651333	1.000000
-32.278763	4.211743	TKDE	1.000000	0.000000	0.806833
20.533474	7.594755	SIGMOD	1.000000	0.428000	0.000000
50.325550	33.720951	TKDE	1.000000	0.000000	0.806833
40.908051	23.918730	SIGMOD	1.000000	0.428000	0.000000
23.830296	17.302864	SIGMOD	1.000000	0.428000	0.000000
-11.635566	-8.931376	KDD	0.000000	0.651333	1.000000
-19.917101	-52.198105	KDD	0.000000	0.651333	1.000000
44.793858	8.466575	VLDB	0.616833	1.000000	0.000000
56.127007	26.423641	VLDB	0.616833	1.000000	0.000000
-25.920250	32.337936	TKDE	1.000000	0.000000	0.806833
36.926727	-4.889183	VLDB	0.616833	1.000000	0.000000
-10.646891	-55.998020	KDD	0.000000	0.651333	1.000000
12.122767	-54.540848	WWW	0.581667	0.000000	1.000000
15.973441	-31.901632	WWW	0.581667	0.000000	1.000000
-41.893776	-9.252877	TKDE	1.000000	0.000000	0.806833
-18.145218	-23.670956	KDD	0.000000	0.651333	1.000000
-28.015158	4.811838	KDD	0.000000	0.651333	1.000000
15.847762	36.100838	SIGMOD	1.000000	0.428000	0.000000
-42.133179	-8.402523	TKDE	1.000000	0.000000	0.806833
-12.987091	-33.815411	WWW	0.581667	0.000000	1.000000
-32.519707	16.516756	ICDE	1.000000	0.882167	0.000000
38.933777	-5.920286	ICDE	1.000000	0.882167	0.000000
-13.618977	16.356428	KDD	0.000000	0.651333	1.000000
-45.814976	-48.167038	SIGIR	0.000000	1.000000	0.391000
-19.646288	-58.931755	SIGIR	0.000000	1.000000	0.391000
58.994686	21.794624	ICDE	1.000000	0.882167	0.000000
-20.154224	-10.722755	KDD	0.000000	0.651333	1.000000
-41.691414	-2.943796	TKDE	1.000000	0.000000	0.806833
-38.349190	-1.188546	TKDE	1.000000	0.000000	0.806833
30.105951	3.055007	VLDB	0.616833	1.000000	0.000000
-35.271744	7.484218	KDD	0.000000	0.651333	1.000000
28.623362	18.172106	SIGMOD	1.000000	0.428000	0.000000
-32.214912	23.656151	KDD	0.000000	0.651333	1.000000
-16.548809	5.129214	KDD	0.000000	0.651333	1.000000
49.632984	7.339688	SIGMOD	1.000000	0.428000	0.000000
28.761244	18.500166	VLDB	0.616833	1.000000	0.000000
32.952797	-41.130192	TKDE	1.000000	0.000000	0.806833
-52.515072	12.305931	SIGMOD	1.000000	0.428000	0.000000
34.717461	7.308053	SIGMOD	1.000000	0.428000	0.000000
5.927942	-29.334299	WWW	0.581667	0.000000	1.000000
28.174242	14.410660	SIGMOD	1.000000	0.428000	0.000000
36.882290	22.434919	SIGMOD	1.000000	0.428000	0.000000
-16.821850	33.860928	TKDE	1.000000	0.000000	0.806833
17.816422	44.592628	SIGMOD	1.000000	0.428000	0.000000
5.746121	46.980385	VLDB	0.616833	1.000000	0.000000
48.814510	23.651955	TODS	1.000000	0.000000	0.366667
-24.079739	-33.768993	WWW	0.581667	0.000000	1.000000
-30.556538	2.303368	KDD	0.000000	0.651333	1.000000
-21.552197	21.157293	KDD	0.000000	0.651333	1.000000
4.852594	-43.569023	WWW	0.581667	0.000000	1.000000
-19.911400	8.395057	TKDE	1.000000	0.000000	0.806833
6.039906	42.491444	SIGMOD	1.000000	0.428000	0.000000
-10.116815	0.515973	VLDB	0.616833	1.000000	0.000000
24.507717	-35.402477	WWW	0.581667	0.000000	1.000000
-29.711653	33.806686	SIGMOD	1.000000	0.428000	0.000000
-40.415657	6.658676	TKDE	1.000000	0.000000	0.806833
-33.168510	-27.306929	TOIS	0.000000	1.000000	0.886833
14.314771	-16.240824	TKDE	1.000000	0.000000	0.806833
-11.922750	-30.335295	WWW	0.581667	0.000000	1.000000
8.477076	8.629448	TKDE	1.000000	0.000000	0.806833
-38.615032	-46.325935	SIGIR	0.000000	1.000000	0.391000
-32.931511	25.701553	KDD	0.000000	0.651333	1.000000
-53.289883	11.257728	VLDB	0.616833	1.000000	0.000000
33.007992	35.455452	SIGMOD	1.000000	0.428000	0.000000
-3.067805	-17.593283	KDD	0.000000	0.651333	1.000000
-13.375266	-18.548378	KDD	0.000000	0.651333	1.000000
-34.437107	19.016918	KDD	0.000000	0.651333	1.000000
-22.818119	-42.537956	SIGIR	0.000000	1.000000	0.391000
25.607388	3.597409	SIGMOD	1.000000	0.428000	0.000000
51.827656	30.667011	SIGMOD	1.000000	0.428000	0.000000
-33.375572	-41.031124	SIGIR	0.000000	1.000000	0.391000
-9.287621	-37.504635	WWW	0.581667	0.000000	1.000000
58.998249	29.830797	VLDB	0.616833	1.000000	0.000000
16.085829	2.194297	ICDE	1.000000	0.882167	0.000000
-24.958107	-57.616314	WWW	0.581667	0.000000	1.000000
-27.268415	32.186668	TKDE	1.000000	0.000000	0.806833
3.161140	-0.152691	SIGMOD	1.000000	0.428000	0.000000
-34.509628	-0.751089	TKDE	1.000000	0.000000	0.806833
-38.063671	-15.251188	KDD	0.000000	0.651333	1.000000
23.842848	29.478037	TODS	1.000000	0.000000	0.366667
-6.372103	-45.851105	WWW	0.581667	0.000000	1.000000
38.002602	28.373735	SIGMOD	1.000000	0.428000	0.000000
-16.593922	-34.050900	WWW	0.581667	0.000000	1.000000
-27.005987	-41.938335	SIGIR	0.000000	1.000000	0.391000
8.699131	-52.926060	WWW	0.581667	0.000000	1.000000
42.843765	28.926632	SIGMOD	1.000000	0.428000	0.000000
30.548309	31.153286	SIGMOD	1.000000	0.428000	0.000000
1.168252	-22.642836	WWW	0.581667	0.000000	1.000000
-16.530607	-48.582264	SIGIR	0.000000	1.000000	0.391000
-35.117023	-47.780121	SIGIR	0.000000	1.000000	0.391000
44.441608	18.532639	VLDB	0.616833	1.000000	0.000000
26.100368	1.236994	ICDE	1.000000	0.882167	0.000000
49.870113	38.468468	VLDB	0.616833	1.000000	0.000000
-21.453817	-46.323746	SIGIR	0.000000	1.000000	0.391000
-36.626598	-51.473175	SIGIR	0.000000	1.000000	0.391000
-2.026532	-28.237980	TKDE	1.000000	0.000000	0.806833
-34.918289	7.804950	KDD	0.000000	0.651333	1.000000
-39.380367	-47.717957	SIGIR	0.000000	1.000000	0.391000
-28.487213	2.287285	KDD	0.000000	0.651333	1.000000
-1.537717	32.412628	VLDB	0.616833	1.000000	0.000000
-17.144941	-6.440720	KDD	0.000000	0.651333	1.000000
-10.833171	-57.111626	KDD	0.000000	0.651333	1.000000
24.428526	22.059940	SIGMOD	1.000000	0.428000	0.000000
11.549811	21.491089	SIGMOD	1.000000	0.428000	0.000000
-19.453741	-64.277504	KDD	0.000000	0.651333	1.000000
-11.163902	17.273932	VLDB	0.616833	1.000000	0.000000
-26.639502	-56.487499	WWW	0.581667	0.000000	1.000000
-38.134048	23.297514	TKDE	1.000000	0.000000	0.806833
32.010887	11.646140	TKDE	1.000000	0.000000	0.806833
10.437168	16.512522	SIGMOD	1.000000	0.428000	0.000000
12.037746	-15.542892	TKDE	1.000000	0.000000	0.806833
60.465187	11.434733	TKDE	1.000000	0.000000	0.806833
-53.093277	13.659754	TKDE	1.000000	0.000000	0.806833
11.714858	-8.665470	WWW	0.581667	0.000000	1.000000
-29.058849	-26.496380	TKDE	1.000000	0.000000	0.806833
12.732402	-42.733448	WWW	0.581667	0.000000	1.000000
15.258762	40.766113	VLDB	0.616833	1.000000	0.000000
-37.919395	29.495153	ICDE	1.000000	0.882167	0.000000
-5.641006	-35.711929	WWW	0.581667	0.000000	1.000000
-26.695843	-38.150459	KDD	0.000000	0.651333	1.000000
7.055538	-24.475998	ICDE	1.000000	0.882167	0.000000
50.958363	16.725771	TODS	1.000000	0.000000	0.366667
-46.602177	20.042845	TKDE	1.000000	0.000000	0.806833
-29.811489	7.522974	KDD	0.000000	0.651333	1.000000
7.895206	6.947952	ICDE	1.000000	0.882167	0.000000
31.222429	-42.319576	TKDE	1.000000	0.000000	0.806833
20.542213	-27.930698	VLDB	0.616833	1.000000	0.000000
29.067842	34.782780	SIGMOD	1.000000	0.428000	0.000000
-42.394802	-31.175863	SIGIR	0.000000	1.000000	0.391000
40.722378	29.128792	SIGMOD	1.000000	0.428000	0.000000
6.489194	43.656322	SIGMOD	1.000000	0.428000	0.000000
-14.906262	-40.556820	WWW	0.581667	0.000000	1.000000
-31.315483	-11.938767	KDD	0.000000	0.651333	1.000000
-25.356092	-8.192604	TKDE	1.000000	0.000000	0.806833
43.560383	27.338104	SIGMOD	1.000000	0.428000	0.000000
-27.883585	-44.664101	TOIS	0.000000	1.000000	0.886833
15.519791	-8.394276	TKDE	1.000000	0.000000	0.806833
25.727459	11.119333	SIGMOD	1.000000	0.428000	0.000000
-11.505413	-37.335472	WWW	0.581667	0.000000	1.000000
5.404256	-35.976856	VLDB	0.616833	1.000000	0.000000
4.508676	-2.645924	VLDB	0.616833	1.000000	0.000000
-22.697346	31.550636	TKDE	1.000000	0.000000	0.806833
-9.581802	-45.200832	SIGIR	0.000000	1.000000	0.391000
-10.290226	10.652970	VLDB	0.616833	1.000000	0.000000
-31.796801	-28.899397	SIGIR	0.000000	1.000000	0.391000
35.925568	-43.898010	TKDE	1.000000	0.000000	0.806833
26.165182	39.204403	TKDE	1.000000	0.000000	0.806833
11.638494	-51.205368	WWW	0.581667	0.000000	1.000000
-44.966064	-28.464293	SIGIR	0.000000	1.000000	0.391000
-22.209406	31.721567	TKDE	1.000000	0.000000	0.806833
-2.885015	15.677752	SIGMOD	1.000000	0.428000	0.000000
-34.280663	-12.910212	KDD	0.000000	0.651333	1.000000
-19.599928	-14.443768	KDD	0.000000	0.651333	1.000000
37.021606	26.335176	SIGMOD	1.000000	0.428000	0.000000
46.137009	14.222732	VLDB	0.616833	1.000000	0.000000
-40.126213	-35.116661	SIGIR	0.000000	1.000000	0.391000
-22.367428	29.365164	KDD	0.000000	0.651333	1.000000
-11.764488	-27.504019	WWW	0.581667	0.000000	1.000000
-44.640079	-43.570606	SIGIR	0.000000	1.000000	0.391000
-12.281388	-13.801907	KDD	0.000000	0.651333	1.000000
49.719715	30.511709	SIGMOD	1.000000	0.428000	0.000000
-27.850361	13.706557	ICDE	1.000000	0.882167	0.000000
11.829389	10.107546	VLDB	0.616833	1.000000	0.000000
16.794107	20.127502	VLDB	0.616833	1.000000	0.000000
-46.562675	-32.516415	SIGIR	0.000000	1.000000	0.391000
-26.507847	-59.146248	SIGIR	0.000000	1.000000	0.391000
32.559116	41.131996	SIGMOD	1.000000	0.428000	0.000000
-42.718933	-32.988464	SIGIR	0.000000	1.000000	0.391000
29.578026	40.537144	VLDB	0.616833	1.000000	0.000000
0.080351	-41.200401	WWW	0.581667	0.000000	1.000000
-27.486723	-7.444232	TKDE	1.000000	0.000000	0.806833
35.773205	46.535572	VLDB	0.616833	1.000000	0.000000
-43.112915	-38.455391	SIGIR	0.000000	1.000000	0.391000
19.683506	41.302967	VLDB	0.616833	1.000000	0.000000
-29.526138	-46.944660	SIGIR	0.000000	1.000000	0.391000
22.793560	-13.729952	VLDB	0.616833	1.000000	0.000000
-22.323364	6.961981	KDD	0.000000	0.651333	1.000000
-9.608265	-37.857121	WWW	0.581667	0.000000	1.000000
33.105022	29.412117	VLDB	0.616833	1.000000	0.000000
15.681752	-11.983216	VLDB	0.616833	1.000000	0.000000
-29.731853	29.980242	KDD	0.000000	0.651333	1.000000
-22.658218	-6.638896	KDD	0.000000	0.651333	1.000000
44.498367	23.920025	SIGMOD	1.000000	0.428000	0.000000
33.863327	-13.958158	KDD	0.000000	0.651333	1.000000
3.263756	-23.862051	SIGMOD	1.000000	0.428000	0.000000
-30.325373	-1.648487	KDD	0.000000	0.651333	1.000000
40.596313	23.684250	SIGMOD	1.000000	0.428000	0.000000
-27.124165	39.316704	SIGMOD	1.000000	0.428000	0.000000
17.039841	21.556311	VLDB	0.616833	1.000000	0.000000
17.052483	42.414116	VLDB	0.616833	1.000000	0.000000
36.041519	2.328039	VLDB	0.616833	1.000000	0.000000
6.258845	-37.191296	VLDB	0.616833	1.000000	0.000000
35.100735	-42.112442	TKDE	1.000000	0.000000	0.806833
35.215382	35.275978	SIGMOD	1.000000	0.428000	0.000000
-24.193396	18.253489	KDD	0.000000	0.651333	1.000000
-34.589066	31.385838	KDD	0.000000	0.651333	1.000000
-26.191441	28.879686	ICDE	1.000000	0.882167	0.000000
23.665417	-42.572327	WWW	0.581667	0.000000	1.000000
16.616997	36.183594	SIGMOD	1.000000	0.428000	0.000000
9.414608	-37.573586	WWW	0.581667	0.000000	1.000000
-38.173626	-5.435448	TKDE	1.000000	0.000000	0.806833
48.942474	39.690903	VLDB	0.616833	1.000000	0.000000
-19.202909	-17.062662	KDD	0.000000	0.651333	1.000000
22.495327	54.232555	SIGMOD	1.000000	0.428000	0.000000
-33.047405	40.089909	TKDE	1.000000	0.000000	0.806833
28.575096	52.292072	VLDB	0.616833	1.000000	0.000000
-19.839252	-10.211141	SIGMOD	1.000000	0.428000	0.000000
-18.861656	-53.018665	KDD	0.000000	0.651333	1.000000
-18.605347	-55.940598	WWW	0.581667	0.000000	1.000000
-17.536261	-61.555035	KDD	0.000000	0.651333	1.000000
9.485538	32.682266	VLDB	0.616833	1.000000	0.000000
7.086393	-42.687603	WWW	0.581667	0.000000	1.000000
27.898222	53.320778	VLDB	0.616833	1.000000	0.000000
64.897552	34.823868	TKDE	1.000000	0.000000	0.806833
5.326393	43.629162	SIGMOD	1.000000	0.428000	0.000000
35.260712	7.381022	SIGMOD	1.000000	0.428000	0.000000
-51.705051	14.714860	ICDE	1.000000	0.882167	0.000000
-16.546898	-35.927666	KDD	0.000000	0.651333	1.000000
-55.488853	-33.118076	TOIS	0.000000	1.000000	0.886833
-39.609646	-37.467365	SIGIR	0.000000	1.000000	0.391000
44.960667	-8.284330	KDD	0.000000	0.651333	1.000000
-51.004784	-33.872913	SIGIR	0.000000	1.000000	0.391000
-32.513760	35.247387	VLDB	0.616833	1.000000	0.000000
0.922583	-1.033464	TKDE	1.000000	0.000000	0.806833
29.701027	45.336723	VLDB	0.616833	1.000000	0.000000
36.377262	31.027073	SIGMOD	1.000000	0.428000	0.000000
-19.015753	-36.386791	WWW	0.581667	0.000000	1.000000
-9.803031	15.370042	VLDB	0.616833	1.000000	0.000000
24.080290	0.377729	SIGMOD	1.000000	0.428000	0.000000
-21.523666	-41.817486	WWW	0.581667	0.000000	1.000000
-34.794830	26.678225	KDD	0.000000	0.651333	1.000000
-32.403049	-11.129247	KDD	0.000000	0.651333	1.000000
39.349949	12.426935	VLDB	0.616833	1.000000	0.000000
42.373737	34.664730	SIGMOD	1.000000	0.428000	0.000000
16.514145	13.702438	WWW	0.581667	0.000000	1.000000
-0.261605	-3.332324	SIGMOD	1.000000	0.428000	0.000000
15.101663	22.211721	SIGMOD	1.000000	0.428000	0.000000
4.907477	17.915598	VLDB	0.616833	1.000000	0.000000
53.944462	35.503548	TKDE	1.000000	0.000000	0.806833
-24.808180	40.709995	TKDE	1.000000	0.000000	0.806833
-15.727162	16.317280	KDD	0.000000	0.651333	1.000000
32.402473	-39.109642	TKDE	1.000000	0.000000	0.806833
59.888577	39.366085	ICDE	1.000000	0.882167	0.000000
7.758894	33.054119	ICDE	1.000000	0.882167	0.000000
-31.689524	-47.177319	KDD	0.000000	0.651333	1.000000
10.219598	10.492486	VLDB	0.616833	1.000000	0.000000
26.695623	47.447803	VLDB	0.616833	1.000000	0.000000
-21.522890	-3.464997	KDD	0.000000	0.651333	1.000000
19.102432	-18.839813	SIGMOD	1.000000	0.428000	0.000000
-38.398426	-12.647352	KDD	0.000000	0.651333	1.000000
-38.998562	-42.053936	SIGIR	0.000000	1.000000	0.391000
-25.262306	-56.338337	WWW	0.581667	0.000000	1.000000
-25.100664	43.864029	TKDE	1.000000	0.000000	0.806833
-32.848534	-54.573059	WWW	0.581667	0.000000	1.000000
-24.228626	-26.760063	WWW	0.581667	0.000000	1.000000
-3.877910	-2.611263	KDD	0.000000	0.651333	1.000000
6.015049	-3.595192	VLDB	0.616833	1.000000	0.000000
53.163040	46.006706	SIGMOD	1.000000	0.428000	0.000000
32.170994	5.372534	VLDB	0.616833	1.000000	0.000000
-25.242403	-52.412838	WWW	0.581667	0.000000	1.000000
31.869038	39.966869	SIGMOD	1.000000	0.428000	0.000000
4.571142	-21.325090	VLDB	0.616833	1.000000	0.000000
-26.085714	-59.882473	SIGIR	0.000000	1.000000	0.391000
50.954552	35.314651	TKDE	1.000000	0.000000	0.806833
6.238285	14.785295	VLDB	0.616833	1.000000	0.000000
-14.582374	5.438059	TKDE	1.000000	0.000000	0.806833
-40.529018	-0.045227	TKDE	1.000000	0.000000	0.806833
54.684082	31.400827	ICDE	1.000000	0.882167	0.000000
20.186428	-40.542229	WWW	0.581667	0.000000	1.000000
25.821743	54.498310	SIGMOD	1.000000	0.428000	0.000000
-6.519118	-6.567817	KDD	0.000000	0.651333	1.000000
7.220818	7.721884	ICDE	1.000000	0.882167	0.000000
45.527081	21.098997	SIGMOD	1.000000	0.428000	0.000000
-22.895292	42.461338	VLDB	0.616833	1.000000	0.000000
-15.588235	1.421054	KDD	0.000000	0.651333	1.000000
14.065778	-49.571232	WWW	0.581667	0.000000	1.000000
13.109133	1.120905	SIGMOD	1.000000	0.428000	0.000000
-23.923210	-44.305470	SIGIR	0.000000	1.000000	0.391000
35.963505	-1.326382	VLDB	0.616833	1.000000	0.000000
38.503700	38.976707	SIGMOD	1.000000	0.428000	0.000000
53.600853	45.777237	SIGMOD	1.000000	0.428000	0.000000
27.926476	26.422449	SIGMOD	1.000000	0.428000	0.000000
8.510129	22.236225	SIGMOD	1.000000	0.428000	0.000000
16.520697	-20.603495	WWW	0.581667	0.000000	1.000000
-20.797174	-62.730350	KDD	0.000000	0.651333	1.000000
-5.126827	-5.368449	KDD	0.000000	0.651333	1.000000
35.124866	-9.166399	KDD	0.000000	0.651333	1.000000
-40.416653	-60.136856	TOIS	0.000000	1.000000	0.886833
8.456147	-14.562684	TKDE	1.000000	0.000000	0.806833
-25.033310	34.863689	VLDB	0.616833	1.000000	0.000000
19.409058	-12.104497	SIGMOD	1.000000	0.428000	0.000000
-28.013626	19.806751	KDD	0.000000	0.651333	1.000000
-4.693781	-23.737068	WWW	0.581667	0.000000	1.000000
-31.374046	31.879610	SIGMOD	1.000000	0.428000	0.000000
27.765095	3.406826	VLDB	0.616833	1.000000	0.000000
9.918549	-24.069759	VLDB	0.616833	1.000000	0.000000
15.444876	-53.199497	WWW	0.581667	0.000000	1.000000
47.146790	-6.957245	VLDB	0.616833	1.000000	0.000000
27.423006	1.676957	ICDE	1.000000	0.882167	0.000000
21.163891	10.687635	SIGMOD	1.000000	0.428000	0.000000
-10.486277	6.792771	SIGMOD	1.000000	0.428000	0.000000
-21.023176	-32.050121	WWW	0.581667	0.000000	1.000000
-27.317776	34.154060	TKDE	1.000000	0.000000	0.806833
21.797554	37.128098	VLDB	0.616833	1.000000	0.000000
22.274406	-35.656044	WWW	0.581667	0.000000	1.000000
7.486434	42.643105	SIGMOD	1.000000	0.428000	0.000000
5.398156	-13.004972	TKDE	1.000000	0.000000	0.806833
-2.558887	-46.134724	WWW	0.581667	0.000000	1.000000
25.850805	47.651466	VLDB	0.616833	1.000000	0.000000
20.314388	28.573900	SIGMOD	1.000000	0.428000	0.000000
-22.233458	22.885622	KDD	0.000000	0.651333	1.000000
-22.137474	-40.549774	WWW	0.581667	0.000000	1.000000
-5.311384	-51.380150	WWW	0.581667	0.000000	1.000000
9.250053	43.508900	VLDB	0.616833	1.000000	0.000000
-9.883430	-39.241516	WWW	0.581667	0.000000	1.000000
35.199860	-40.019730	TKDE	1.000000	0.000000	0.806833
37.346836	-10.005509	TODS	1.000000	0.000000	0.366667
28.118847	27.535908	SIGMOD	1.000000	0.428000	0.000000
-31.445261	-8.248901	KDD	0.000000	0.651333	1.000000
-22.713800	24.654427	TKDE	1.000000	0.000000	0.806833
-1.561200	9.174731	ICDE	1.000000	0.882167	0.000000
-4.151260	35.867619	SIGMOD	1.000000	0.428000	0.000000
7.211002	45.000732	VLDB	0.616833	1.000000	0.000000
4.351693	17.403360	ICDE	1.000000	0.882167	0.000000
47.797016	29.453518	SIGMOD	1.000000	0.428000	0.000000
51.247391	26.880726	SIGMOD	1.000000	0.428000	0.000000
17.407209	43.981026	SIGMOD	1.000000	0.428000	0.000000
16.556007	-17.926641	VLDB	0.616833	1.000000	0.000000
-22.362120	16.335241	KDD	0.000000	0.651333	1.000000
14.526848	24.545937	ICDE	1.000000	0.882167	0.000000
20.433226	20.029310	SIGMOD	1.000000	0.428000	0.000000
-24.785358	-31.938189	WWW	0.581667	0.000000	1.000000
-51.457760	-30.706701	TOIS	0.000000	1.000000	0.886833
35.655083	35.797558	SIGMOD	1.000000	0.428000	0.000000
54.488789	22.514734	SIGMOD	1.000000	0.428000	0.000000
-4.672461	14.745631	TKDE	1.000000	0.000000	0.806833
58.099392	38.266586	ICDE	1.000000	0.882167	0.000000
19.033365	27.169971	SIGMOD	1.000000	0.428000	0.000000
2.247830	-31.976084	WWW	0.581667	0.000000	1.000000
33.097542	16.226385	ICDE	1.000000	0.882167	0.000000
20.289009	14.082050	VLDB	0.616833	1.000000	0.000000
-14.066136	-27.418957	WWW	0.581667	0.000000	1.000000
57.598675	35.043392	TKDE	1.000000	0.000000	0.806833
-19.541012	-45.183422	SIGIR	0.000000	1.000000	0.391000
8.333463	44.242008	SIGMOD	1.000000	0.428000	0.000000
22.594658	41.790264	VLDB	0.616833	1.000000	0.000000
3.873922	-11.502490	TKDE	1.000000	0.000000	0.806833
-3.455668	5.606190	VLDB	0.616833	1.000000	0.000000
22.007998	41.398415	VLDB	0.616833	1.000000	0.000000
29.371817	54.645126	VLDB	0.616833	1.000000	0.000000
17.987030	32.959690	SIGMOD	1.000000	0.428000	0.000000
16.651932	13.973420	WWW	0.581667	0.000000	1.000000
44.258213	2.180967	VLDB	0.616833	1.000000	0.000000
-47.226364	-33.576447	SIGIR	0.000000	1.000000	0.391000
13.398079	2.752187	SIGMOD	1.000000	0.428000	0.000000
-28.003084	2.732926	KDD	0.000000	0.651333	1.000000
-26.493423	-27.411613	WWW	0.581667	0.000000	1.000000
41.791832	37.727036	SIGMOD	1.000000	0.428000	0.000000
-50.624722	11.097605	SIGMOD	1.000000	0.428000	0.000000
56.463406	24.127043	VLDB	0.616833	1.000000	0.000000
-39.745968	-44.332596	SIGIR	0.000000	1.000000	0.391000
2.632073	31.587200	ICDE	1.000000	0.882167	0.000000
-26.135925	-2.880169	KDD	0.000000	0.651333	1.000000
27.676699	36.986576	SIGMOD	1.000000	0.428000	0.000000
41.378597	31.058752	SIGMOD	1.000000	0.428000	0.000000
22.022610	-12.526251	VLDB	0.616833	1.000000	0.000000
11.448981	-34.173054	WWW	0.581667	0.000000	1.000000
-14.897516	15.089343	KDD	0.000000	0.651333	1.000000
-17.812853	-45.321922	SIGIR	0.000000	1.000000	0.391000
-28.816004	-2.809845	KDD	0.000000	0.651333	1.000000
25.737602	22.396931	SIGMOD	1.000000	0.428000	0.000000
-16.669851	-32.382885	WWW	0.581667	0.000000	1.000000
65.024033	31.184814	VLDB	0.616833	1.000000	0.000000
55.959095	2.997610	SIGMOD	1.000000	0.428000	0.000000
11.483054	25.252493	VLDB	0.616833	1.000000	0.000000
-11.507136	26.865175	SIGMOD	1.000000	0.428000	0.000000
-28.941242	23.430632	KDD	0.000000	0.651333	1.000000
22.230061	24.938416	VLDB	0.616833	1.000000	0.000000
-37.347111	-39.163605	SIGIR	0.000000	1.000000	0.391000
-55.797512	9.466395	VLDB	0.616833	1.000000	0.000000
-5.431524	-35.391727	WWW	0.581667	0.000000	1.000000
-7.707584	-43.189991	WWW	0.581667	0.000000	1.000000
-12.704803	8.909779	KDD	0.000000	0.651333	1.000000
-10.601152	-24.402124	WWW	0.581667	0.000000	1.000000
27.934837	39.500038	VLDB	0.616833	1.000000	0.000000
-18.339819	-42.573910	WWW	0.581667	0.000000	1.000000
-40.313499	-0.643622	TKDE	1.000000	0.000000	0.806833
-39.060490	-59.715004	TOIS	0.000000	1.000000	0.886833
18.189413	-13.862736	SIGMOD	1.000000	0.428000	0.000000
46.986984	10.592127	VLDB	0.616833	1.000000	0.000000
2.388672	-1.772317	ICDE	1.000000	0.882167	0.000000
28.622135	40.060474	VLDB	0.616833	1.000000	0.000000
43.899952	31.664553	SIGMOD	1.000000	0.428000	0.000000
22.030476	35.943233	VLDB	0.616833	1.000000	0.000000
42.777390	21.186787	SIGMOD	1.000000	0.428000	0.000000
42.729137	-0.226822	VLDB	0.616833	1.000000	0.000000
-47.073635	-42.814716	SIGIR	0.000000	1.000000	0.391000
15.827229	26.810749	ICDE	1.000000	0.882167	0.000000
55.042587	16.628683	VLDB	0.616833	1.000000	0.000000
29.027498	1.527776	VLDB	0.616833	1.000000	0.000000
30.384672	12.623839	VLDB	0.616833	1.000000	0.000000
47.044811	12.920345	SIGMOD	1.000000	0.428000	0.000000
12.662500	-49.044449	WWW	0.581667	0.000000	1.000000
-0.836120	-19.309341	TKDE	1.000000	0.000000	0.806833
-54.594910	-30.368158	SIGIR	0.000000	1.000000	0.391000
17.186037	24.365883	SIGMOD	1.000000	0.428000	0.000000
-34.045376	17.764835	TKDE	1.000000	0.000000	0.806833
-54.538876	-39.114243	SIGIR	0.000000	1.000000	0.391000
35.323082	23.871944	SIGMOD	1.000000	0.428000	0.000000
-39.135166	-60.914158	TOIS	0.000000	1.000000	0.886833
21.085611	54.053116	TKDE	1.000000	0.000000	0.806833
39.090668	-11.370891	VLDB	0.616833	1.000000	0.000000
27.136381	-22.929222	TKDE	1.000000	0.000000	0.806833
-52.236454	-35.371834	SIGIR	0.000000	1.000000	0.391000
-1.405991	-37.626457	WWW	0.581667	0.000000	1.000000
-39.390903	18.288277	TKDE	1.000000	0.000000	0.806833
43.850498	4.307938	ICDE	1.000000	0.882167	0.000000
-4.590446	31.257818	VLDB	0.616833	1.000000	0.000000
3.265163	-9.705683	TKDE	1.000000	0.000000	0.806833
-18.382742	-18.693016	KDD	0.000000	0.651333	1.000000
3.984278	-18.861523	ICDE	1.000000	0.882167	0.000000
-29.858465	-45.916710	SIGIR	0.000000	1.000000	0.391000
-8.453917	-22.769356	WWW	0.581667	0.000000	1.000000
6.287005	-34.298904	WWW	0.581667	0.000000	1.000000
-22.821444	-39.853832	WWW	0.581667	0.000000	1.000000
-27.293968	37.087643	VLDB	0.616833	1.000000	0.000000
24.801077	-42.760235	WWW	0.581667	0.000000	1.000000
5.499477	-1.309893	VLDB	0.616833	1.000000	0.000000
46.917847	29.384621	SIGMOD	1.000000	0.428000	0.000000
-48.693821	24.529266	SIGMOD	1.000000	0.428000	0.000000
15.983620	-48.964756	WWW	0.581667	0.000000	1.000000
42.489052	17.141472	VLDB	0.616833	1.000000	0.000000
5.172693	19.944983	SIGMOD	1.000000	0.428000	0.000000
-1.823021	33.673840	VLDB	0.616833	1.000000	0.000000
13.750681	-44.645283	WWW	0.581667	0.000000	1.000000
-42.382389	-3.063367	TKDE	1.000000	0.000000	0.806833
65.685478	22.491354	SIGMOD	1.000000	0.428000	0.000000
23.138338	50.985085	ICDE	1.000000	0.882167	0.000000
68.795151	36.870277	TKDE	1.000000	0.000000	0.806833
-49.472290	-22.859085	SIGIR	0.000000	1.000000	0.391000
5.830127	23.097107	VLDB	0.616833	1.000000	0.000000
-55.582561	-33.843582	TOIS	0.000000	1.000000	0.886833
-21.667450	-64.122864	KDD	0.000000	0.651333	1.000000
31.528107	-40.636036	TKDE	1.000000	0.000000	0.806833
32.326653	21.608995	TKDE	1.000000	0.000000	0.806833
-17.657242	-20.534002	KDD	0.000000	0.651333	1.000000
25.705948	-43.087029	WWW	0.581667	0.000000	1.000000
20.802652	-15.232539	SIGMOD	1.000000	0.428000	0.000000
60.555145	32.606075	TKDE	1.000000	0.000000	0.806833
52.449039	3.660785	SIGMOD	1.000000	0.428000	0.000000
-36.505985	21.335482	KDD	0.000000	0.651333	1.000000
46.608147	6.017702	TODS	1.000000	0.000000	0.366667
-49.225719	-40.386528	SIGIR	0.000000	1.000000	0.391000
49.572762	4.840782	SIGMOD	1.000000	0.428000	0.000000
-11.009577	-51.083668	WWW	0.581667	0.000000	1.000000
-37.830864	4.261093	TKDE	1.000000	0.000000	0.806833
-16.199200	-13.845259	KDD	0.000000	0.651333	1.000000
22.221031	34.949211	SIGMOD	1.000000	0.428000	0.000000
50.519508	37.270348	TKDE	1.000000	0.000000	0.806833
16.501244	18.359018	SIGMOD	1.000000	0.428000	0.000000
-47.469288	-41.176498	SIGIR	0.000000	1.000000	0.391000
44.852055	9.278958	SIGMOD	1.000000	0.428000	0.000000
54.913788	3.247780	SIGMOD	1.000000	0.428000	0.000000
-55.906101	-29.289278	TOIS	0.000000	1.000000	0.886833
28.058271	55.888054	VLDB	0.616833	1.000000	0.000000
27.898668	-24.082159	TKDE	1.000000	0.000000	0.806833
36.443092	-15.412648	SIGMOD	1.000000	0.428000	0.000000
35.167202	-10.735047	KDD	0.000000	0.651333	1.000000
-55.075470	-38.833797	SIGIR	0.000000	1.000000	0.391000
33.244553	-42.948666	TKDE	1.000000	0.000000	0.806833
-12.094869	-52.667755	WWW	0.581667	0.000000	1.000000
14.854026	-9.888253	WWW	0.581667	0.000000	1.000000
-8.742073	2.469313	VLDB	0.616833	1.000000	0.000000
-12.802655	-22.831461	WWW	0.581667	0.000000	1.000000
13.175258	26.836456	VLDB	0.616833	1.000000	0.000000
32.005161	35.804176	SIGMOD	1.000000	0.428000	0.000000
-37.298447	-48.242905	SIGIR	0.000000	1.000000	0.391000
-41.152313	-35.782734	SIGIR	0.000000	1.000000	0.391000
-21.942541	-59.757599	SIGIR	0.000000	1.000000	0.391000
-30.269073	8.420685	KDD	0.000000	0.651333	1.000000
-21.653168	-32.896809	WWW	0.581667	0.000000	1.000000
52.793278	30.802416	SIGMOD	1.000000	0.428000	0.000000
66.919052	22.974001	SIGMOD	1.000000	0.428000	0.000000
29.504103	14.145614	ICDE	1.000000	0.882167	0.000000
7.349656	-23.189365	VLDB	0.616833	1.000000	0.000000
68.830399	38.234264	TKDE	1.000000	0.000000	0.806833
23.384459	46.935669	VLDB	0.616833	1.000000	0.000000
-15.128635	-22.068790	KDD	0.000000	0.651333	1.000000
-2.944870	-17.025063	KDD	0.000000	0.651333	1.000000
-14.101518	-14.766490	KDD	0.000000	0.651333	1.000000
31.009253	9.257090	SIGMOD	1.000000	0.428000	0.000000
-10.264793	-25.375069	KDD	0.000000	0.651333	1.000000
8.302543	18.496292	TODS	1.000000	0.000000	0.366667
-34.636547	22.824860	KDD	0.000000	0.651333	1.000000
-23.999905	-13.426908	TKDE	1.000000	0.000000	0.806833
13.904185	-35.633972	VLDB	0.616833	1.000000	0.000000
13.695467	0.885198	SIGMOD	1.000000	0.428000	0.000000
-40.928886	-13.425835	SIGIR	0.000000	1.000000	0.391000
-3.394119	-36.408909	WWW	0.581667	0.000000	1.000000
-32.988922	18.037457	ICDE	1.000000	0.882167	0.000000
-15.848289	-13.994454	KDD	0.000000	0.651333	1.000000
5.166039	-43.351852	WWW	0.581667	0.000000	1.000000
17.584234	38.365437	SIGMOD	1.000000	0.428000	0.000000
4.318617	-40.024822	WWW	0.581667	0.000000	1.000000
1.747158	-38.881142	WWW	0.581667	0.000000	1.000000
44.385452	-3.101687	SIGMOD	1.000000	0.428000	0.000000
-6.092346	13.966749	ICDE	1.000000	0.882167	0.000000
-37.982235	-4.877804	TKDE	1.000000	0.000000	0.806833
65.578362	22.740671	SIGMOD	1.000000	0.428000	0.000000
-25.676506	-20.543104	WWW	0.581667	0.000000	1.000000
47.945435	26.967894	SIGMOD	1.000000	0.428000	0.000000
-2.545910	-4.808237	KDD	0.000000	0.651333	1.000000
